-0.476857 0.466261 0.754478 -0.690602 0.195980 -0.159562 -0.933758 -0.584924 0.710260 -0.184939 0.720379 0.886069 -0.485930 0.123607 0.096099 0.804830 0.183582 -0.635240 -0.513596 0.425233 0.102141 -0.605093 -0.129212 0.324320 0.330267 0.577924 0.715343 -0.680114 0.278966 0.787522 0.117301 0.802109 0.253783 -0.128221 -0.888493 -0.550238 0.712217 -0.822251 -0.135162 0.422477 -0.007191 -0.414783 0.308546 0.506880 0.708824 -0.595354 0.311710 -0.107594 -0.230594 0.798114 -0.682362 0.871547 -0.806979 0.188426 0.195867 0.523288 -0.233650 -0.088790 0.843173 -0.954684 
-0.301268 -0.039525 0.847425 0.952514 0.832253 0.958932 -0.597724 0.544470 -0.863319 0.267114 -0.033053 0.129490 0.852331 -0.724507 -0.363630 0.561155 -0.319861 0.948080 -0.546439 0.449545 0.746194 -0.228801 0.321092 0.939215 0.959625 -0.483041 0.462503 -0.274026 0.428169 0.305676 -0.228710 -0.873100 -0.733849 -0.381284 -0.920586 -0.901596 -0.422352 -0.518309 0.642874 -0.285672 0.748805 -0.390179 0.843819 0.601136 -0.114685 -0.519812 0.162291 0.565454 -0.571732 0.615851 0.014999 -0.825538 -0.612950 -0.663909 -0.886323 -0.653326 -0.146950 0.576180 0.072649 -0.718781 
-0.118144 0.843939 -0.591881 0.148006 -0.537345 -0.512466 0.246410 0.040302 -0.030776 -0.110716 0.754631 -0.281971 0.499106 0.598449 -0.680836 -0.615579 -0.921362 0.481455 0.949875 -0.493094 0.097306 -0.035126 -0.318632 0.484356 0.300964 -0.204955 0.831030 -0.845986 -0.628775 -0.096321 -0.564767 0.253080 -0.252382 -0.156648 -0.598914 0.210273 0.330886 0.647496 -0.749424 -0.699890 -0.463219 -0.994794 0.018138 -0.964113 0.603656 0.337303 -0.579692 0.682294 -0.181242 -0.629817 -0.810800 0.916064 0.335056 -0.129432 0.400420 -0.363979 0.665613 0.231451 -0.209965 -0.963162 
-0.864870 0.225268 0.289918 -0.117252 -0.931381 0.691005 -0.906979 0.399505 0.338501 -0.656403 0.699615 0.875282 -0.651197 -0.282247 0.911169 0.952459 -0.944944 -0.668523 0.634753 -0.126186 -0.298341 0.823953 -0.210122 -0.963285 -0.305479 -0.809702 -0.327264 -0.639866 0.421749 0.462771 -0.603028 0.556879 -0.311961 0.686890 -0.560373 -0.243342 0.377895 -0.467352 -0.843837 -0.283604 -0.123755 0.855778 -0.408321 0.225048 -0.426469 -0.497152 0.177508 -0.371413 -0.165676 -0.187739 0.502401 0.535983 -0.363787 -0.707721 0.572699 0.330734 -0.517423 -0.754565 0.690868 0.904326 
0.708206 -0.912159 0.461205 -0.603755 0.774731 0.900832 0.152903 0.152626 -0.566520 0.309066 0.869023 0.309726 0.164844 -0.539299 -0.465226 0.738374 -0.036451 0.712281 -0.633039 0.797873 -0.475458 0.869362 0.333857 0.160755 -0.838359 -0.093444 -0.508510 -0.355782 0.151991 -0.817642 -0.451456 -0.139803 -0.729801 -0.990251 0.256441 -0.955070 0.910581 -0.590656 0.197556 -0.655938 0.718410 0.066579 0.653787 -0.116746 0.527281 -0.811439 -0.378372 -0.509170 0.900842 -0.011411 -0.711297 -0.574616 -0.142049 0.622560 0.586140 0.019592 -0.470884 -0.922370 0.663810 0.681106 
-0.740012 -0.787646 -0.458697 -0.469813 -0.777896 0.797744 -0.424883 -0.867315 -0.792912 0.772673 -0.523253 0.925498 -0.160748 -0.869466 -0.191248 -0.633467 -0.680905 0.430380 -0.142637 -0.780063 -0.581031 0.146066 -0.354679 0.276920 -0.231374 -0.768539 -0.703487 0.297741 -0.690909 0.960323 -0.021153 -0.430921 -0.827323 0.520150 0.099265 -0.605219 0.317894 0.674382 -0.472534 0.524982 0.447054 0.004212 0.450481 -0.713693 0.134746 -0.740768 -0.347161 0.453841 0.689612 0.510202 0.673778 -0.891419 -0.343733 -0.680901 0.385501 0.424893 -0.449439 0.682014 -0.277366 -0.140349 
0.642337 0.701481 0.428730 0.815014 0.221632 -0.472005 -0.790205 -0.460474 -0.797623 -0.262739 -0.935492 0.649431 0.741474 0.514989 0.935737 -0.123780 0.774221 -0.411423 -0.669940 0.463833 -0.901222 -0.996162 0.572414 -0.244954 -0.677063 -0.042084 -0.820061 -0.126502 -0.360070 -0.097427 0.733149 -0.717734 -0.395946 0.161879 -0.902719 0.825686 0.689874 -0.692924 -0.634789 0.892251 0.044337 -0.570280 0.541682 -0.214189 0.944708 0.477419 0.662031 0.718930 -0.934004 0.992091 0.182763 -0.835226 0.995929 -0.244823 -0.080180 -0.681134 0.713092 0.099759 0.192364 -0.646978 
-0.997669 -0.074487 -0.364712 -0.393614 -0.912607 -0.267431 -0.567929 0.777267 0.039645 -0.202717 0.669517 -0.916018 0.227002 0.211199 -0.130207 0.171711 -0.311382 -0.468176 -0.109360 -0.245386 -0.476085 -0.926597 -0.080612 -0.480156 -0.171420 0.839208 -0.161290 -0.458327 -0.061034 -0.968925 -0.105305 -0.058703 -0.043412 0.529983 0.547683 0.043981 -0.737448 0.979754 -0.178753 0.302197 -0.222963 -0.509235 0.386179 -0.995961 0.701964 -0.744027 0.175750 -0.609418 -0.212204 -0.933610 0.145195 0.311711 -0.860206 -0.935417 0.831555 -0.031626 0.903790 -0.329734 0.510046 -0.157244 
-0.298659 -0.595259 0.784054 0.657929 0.934724 0.331737 -0.298091 -0.802724 0.311491 0.523157 0.499473 -0.911473 -0.986079 -0.114348 -0.907434 0.715885 0.141625 0.268316 -0.893534 0.929421 0.334707 0.251662 0.241133 0.474500 0.316244 0.072688 -0.557126 0.220035 0.742954 0.952920 -0.937209 -0.555705 -0.642339 0.846845 -0.897777 -0.707615 0.178582 -0.195867 -0.510340 -0.509928 -0.672711 0.989133 -0.421401 -0.658789 -0.125215 -0.328834 -0.942905 -0.983590 0.939482 -0.836438 0.945831 0.274189 0.415223 0.186964 -0.251311 -0.268532 -0.740348 0.191563 0.951503 -0.997394 
0.144483 -0.985706 -0.553099 0.502144 0.861139 -0.450876 0.794528 0.039721 0.353257 -0.715812 0.529793 0.680546 -0.726679 -0.891608 -0.978243 0.148106 -0.220442 -0.921148 0.164516 -0.280960 -0.757586 0.110347 0.993228 0.657637 -0.702689 -0.258083 -0.610895 -0.443037 0.933479 -0.659393 -0.440431 0.077962 -0.645099 0.006469 -0.419894 -0.783960 0.555594 -0.625366 0.255761 -0.091149 -0.341178 -0.214447 -0.410603 -0.067857 -0.106054 -0.388846 -0.919751 0.673503 -0.309993 0.244765 -0.607457 -0.067579 -0.644888 -0.614229 -0.409942 -0.347577 0.127688 -0.020837 0.209385 0.061168 
0.319770 0.768954 -0.860870 0.674671 -0.224577 -0.280765 0.890712 -0.668983 0.093869 0.146472 0.239868 0.752691 0.932026 0.829265 -0.315166 -0.174029 -0.559580 -0.234916 -0.500525 0.130426 -0.990151 -0.107982 -0.937153 -0.635039 0.277789 -0.347095 0.017384 -0.594522 0.632067 -0.773231 0.466645 -0.048163 0.995723 0.605775 -0.373491 -0.228854 -0.674990 -0.482780 0.102163 0.418880 0.663693 -0.657969 0.171571 0.595719 -0.828703 0.856405 -0.578310 -0.388283 -0.378511 -0.078835 0.742143 -0.368662 0.813183 0.804990 -0.003701 0.090973 -0.542106 -0.986317 0.496451 -0.910038 
-0.759548 -0.036904 0.041799 -0.763825 -0.431129 0.668308 0.007321 -0.106118 -0.814472 -0.890516 -0.687239 0.849221 -0.548484 0.484332 0.444940 -0.377187 0.340737 0.866630 0.234529 0.962225 -0.212205 -0.023328 -0.406437 -0.399021 -0.218338 0.589862 0.691952 0.239556 0.603545 0.188402 0.329518 0.843996 -0.848502 -0.628683 -0.919829 -0.279631 -0.960375 0.087492 0.614251 -0.774847 0.196976 0.927012 -0.925626 0.648492 0.411344 0.519314 -0.728696 -0.247919 0.385944 0.505834 -0.285694 -0.826261 -0.517494 0.307869 -0.225282 0.264167 -0.102269 -0.533330 -0.496276 -0.498724 
0.655072 0.833241 -0.654728 0.806570 -0.795441 -0.574557 -0.473061 -0.755816 0.512935 -0.858810 -0.530663 -0.290089 -0.931797 -0.456289 -0.641597 0.479546 -0.936975 -0.370293 -0.768373 0.448969 -0.864459 -0.054067 0.622708 -0.381953 -0.746198 -0.602574 0.882214 0.151533 -0.135904 -0.614063 0.652809 -0.480833 -0.780821 0.998081 -0.674263 -0.576263 -0.576475 -0.147323 -0.332079 0.936460 -0.006133 0.137258 -0.353629 0.062069 0.680968 0.004773 -0.458384 0.743993 0.634481 -0.226757 0.192962 0.770022 0.719176 -0.184330 -0.611932 0.972978 0.213096 -0.729718 0.124512 -0.922809 
-0.343780 -0.222679 -0.403642 -0.124602 -0.224597 -0.077905 0.299136 0.198927 0.774772 0.967057 0.135387 -0.231361 0.104314 0.781757 0.830708 -0.214717 -0.213469 -0.627676 -0.470724 -0.578988 0.145567 0.722237 -0.808966 -0.135257 -0.462093 -0.420898 -0.162278 0.751002 -0.150616 0.962233 0.828193 0.505604 -0.260445 -0.575449 -0.618998 0.514957 0.346647 0.680138 -0.286115 0.121419 0.647195 0.849271 0.890058 -0.248491 0.631029 0.720766 0.536792 -0.582440 -0.906910 -0.933933 -0.161429 0.238657 0.788304 0.029605 -0.896600 -0.673789 0.608707 -0.058878 -0.922787 -0.541909 
-0.096645 0.905406 0.963695 0.642910 -0.670042 -0.655303 0.157868 0.676605 -0.975165 0.871752 -0.201977 0.672030 0.721024 -0.311919 -0.576460 0.352052 -0.591153 0.960331 0.769612 -0.498063 -0.973601 -0.391817 0.740594 0.814703 0.637788 0.843995 -0.859086 0.246495 -0.214883 -0.781873 0.704586 0.688472 -0.876466 0.668281 0.331382 -0.546509 -0.987021 -0.510750 -0.869904 -0.962186 -0.638998 -0.071881 0.709844 -0.917974 0.616201 -0.866616 0.434078 -0.974953 -0.906285 0.203690 -0.473016 -0.879886 0.811874 -0.732421 0.934817 0.449662 -0.888427 -0.924269 -0.303843 -0.103310 
-0.706141 -0.599256 -0.414838 -0.582608 -0.930975 0.916544 -0.129116 -0.917996 -0.594206 0.000980 -0.880182 -0.233204 0.929099 0.829662 -0.151178 0.545300 0.963046 -0.717100 0.570347 -0.943238 0.486591 -0.902669 -0.823124 0.298465 -0.635090 -0.888307 -0.251873 -0.523517 -0.812576 0.444284 0.373173 -0.518717 0.845028 0.958335 -0.101325 0.914053 0.874879 0.769558 0.996057 -0.719327 -0.229462 -0.884125 0.047469 -0.300363 0.945537 0.896291 -0.755063 0.908584 -0.820808 0.815284 0.965345 0.665782 0.912615 -0.857779 -0.035753 -0.722475 -0.746087 0.712373 -0.245991 -0.558663 
0.156657 -0.872818 -0.077380 0.001685 -0.914483 0.821295 -0.084262 0.960396 0.590853 -0.088205 -0.758931 -0.638609 0.027670 0.288538 0.061028 -0.026793 0.184830 0.305965 -0.118209 0.364021 0.121249 -0.152864 0.029804 0.033864 -0.010643 0.994051 0.311390 0.243270 0.706424 -0.934602 0.684608 -0.136919 -0.807420 -0.392772 0.864766 -0.721904 -0.571478 -0.219496 -0.761508 -0.980624 0.692299 -0.520439 -0.619233 -0.280032 0.768099 0.441795 0.693175 -0.047071 -0.252240 -0.425034 -0.683050 0.869009 0.422101 0.346753 -0.097127 -0.588542 0.340804 -0.785737 0.654728 0.047228 
-0.720339 0.339336 0.910309 -0.527759 0.946563 0.775075 -0.249663 -0.624914 -0.444421 -0.011171 -0.605539 -0.752122 0.468390 -0.224772 -0.032154 0.236489 -0.782977 -0.338979 -0.810583 -0.035217 0.235987 -0.493633 -0.166208 -0.341912 0.853121 0.736666 0.069546 0.193925 0.950929 -0.275725 -0.758847 -0.769410 -0.936389 -0.848538 -0.297169 -0.989826 0.926537 0.453168 -0.614740 -0.517883 -0.558003 -0.220279 -0.270005 0.910386 0.554949 0.697841 0.146875 0.771972 -0.641138 0.336292 -0.263244 0.594849 0.842659 0.570548 -0.747063 0.695780 0.307214 0.322483 -0.110296 0.258143 
-0.953242 0.130857 0.488732 -0.889632 0.282319 -0.808437 -0.879458 0.208856 0.644731 -0.494198 0.690973 -0.913273 0.285523 -0.579032 0.997114 -0.159528 -0.881191 0.143989 -0.387555 -0.522329 -0.519719 0.349200 -0.927480 -0.677060 -0.080252 -0.674543 -0.981280 -0.773038 0.647940 -0.091576 0.485105 0.694698 -0.960719 -0.026163 0.805067 0.321600 0.165401 0.925609 -0.469543 -0.189869 -0.568589 -0.778570 -0.103141 0.716934 -0.357602 -0.106027 -0.442594 -0.238793 -0.962039 0.169851 0.238878 -0.481758 -0.480949 0.311398 -0.158818 0.438799 0.636855 -0.140098 0.665762 0.284795 
0.768326 0.150867 -0.020507 0.807607 -0.875296 -0.215440 0.129207 0.290104 -0.289831 0.659664 -0.899764 0.141580 0.881094 -0.002905 -0.141486 -0.476509 0.891068 0.415921 0.284698 0.929029 -0.414228 -0.476423 -0.552729 0.104823 0.834975 0.288453 -0.456378 0.471830 -0.851645 -0.790616 -0.243375 0.916680 0.360250 0.736119 0.724288 0.484954 -0.479321 -0.146505 -0.224942 0.230848 -0.486842 -0.124706 -0.627572 -0.605748 0.872389 0.230942 -0.082257 0.763456 -0.353138 -0.797558 0.692485 0.232634 -0.273982 -0.860244 -0.662543 -0.439007 0.428209 -0.118921 -0.967177 0.576564 
0.090462 -0.210551 0.493244 -0.549287 -0.474433 0.217532 0.935667 0.046246 -0.928974 -0.289275 -0.722906 -0.415815 0.586019 -0.350479 -0.021564 0.458408 0.880463 0.896179 0.221865 -0.472674 -0.901379 -0.085650 0.759960 -0.175361 0.054106 -0.902584 0.385633 -0.517685 -0.021505 0.418456 -0.941121 -0.931042 -0.792095 0.552123 -0.480330 -0.266528 -0.230345 -0.544663 0.779718 -0.159319 0.166062 -0.943188 0.424866 -0.247919 -0.293667 -0.596698 -0.789510 -0.413204 -0.700519 0.432355 0.114122 -0.601898 -0.653295 -0.125919 0.222741 0.400811 -0.028503 -0.391626 0.883127 0.949992 
-0.973170 0.942006 -0.981050 -0.765266 0.494129 -0.461380 -0.031794 -0.736216 -0.006043 -0.252076 0.104465 -0.839981 -0.195264 -0.470669 -0.087899 0.511069 -0.067368 0.122590 -0.902135 0.232114 -0.445055 0.211986 0.630216 -0.098350 -0.913933 -0.147043 -0.697538 0.057565 0.461331 -0.814412 0.007557 0.488161 -0.872406 0.026507 0.722895 0.621723 0.565127 -0.308899 0.885507 -0.440916 0.439026 -0.010028 -0.280897 -0.756239 0.519303 0.631204 0.754830 -0.548065 -0.246206 0.852695 0.684049 0.308740 0.064681 0.314264 -0.789610 0.150749 -0.832779 -0.487148 -0.791686 0.628552 
-0.301560 0.215871 0.116713 -0.173966 -0.757622 -0.160392 -0.552243 0.807506 0.530710 -0.666736 -0.633410 -0.030265 0.323236 0.085694 0.213496 -0.157461 -0.283102 -0.031673 0.294474 0.470692 -0.178978 -0.021477 -0.220568 0.885703 -0.707213 -0.010178 0.036452 -0.539992 0.502674 0.244766 -0.911439 -0.798886 -0.539363 0.205274 0.027148 -0.296985 -0.955118 0.474905 -0.489479 0.575592 0.808169 -0.122889 -0.454673 0.131405 0.962805 0.758823 0.973944 -0.320297 -0.272850 0.268418 -0.849605 0.548171 -0.753059 -0.070173 0.433874 -0.460272 0.919649 -0.529674 -0.000264 0.422322 
0.715092 0.088297 0.623436 -0.824271 -0.706429 -0.349417 -0.121255 -0.661547 -0.874512 0.389266 0.914045 0.933657 -0.733623 -0.540628 0.065062 -0.770818 -0.781805 0.039007 -0.091115 -0.054655 -0.692575 0.059279 -0.506484 -0.445634 0.989106 0.927391 0.094093 0.908755 -0.602283 -0.906171 0.331077 -0.887190 0.182126 -0.045488 -0.711461 0.475697 0.605096 0.167284 0.814151 0.730584 -0.443450 0.728196 0.664241 -0.177073 -0.812432 -0.270696 0.052110 -0.594236 0.768310 0.960994 0.351109 -0.924265 0.020274 0.844625 -0.369899 0.009380 0.772016 0.724194 -0.081866 -0.830266 
0.818023 -0.750789 -0.717457 0.000150 0.203724 -0.428918 -0.524153 -0.191181 0.738366 -0.710002 -0.460597 -0.705084 -0.981806 -0.796356 0.117843 -0.794237 -0.067052 -0.830047 -0.388473 -0.298742 -0.869053 0.962636 -0.223007 0.151221 0.807261 0.407094 -0.839399 0.579277 0.131288 0.078735 0.749011 -0.050689 0.327946 -0.968446 0.949461 -0.468330 -0.397364 -0.574692 0.340489 -0.658998 -0.284694 0.879893 -0.364082 -0.266499 -0.916463 0.753762 -0.060737 0.016485 0.923715 0.550790 0.717743 -0.945338 0.513425 -0.505264 0.205883 0.320686 0.901830 0.366484 -0.100037 0.033118 
-0.554781 -0.351026 0.982429 0.773165 -0.319472 0.931890 -0.695165 0.283164 -0.642802 0.645324 0.624166 0.072505 0.525217 -0.739916 0.806005 0.608754 -0.986154 -0.254732 -0.374761 0.937560 -0.703942 -0.657018 0.992222 0.809484 -0.162282 0.198105 0.130170 -0.260452 -0.435411 -0.969867 0.772666 0.009808 -0.320893 0.755096 -0.217026 0.359634 0.686986 0.087809 -0.357202 -0.955815 -0.266867 -0.733036 0.116689 -0.741650 -0.472952 -0.077306 0.867104 -0.459106 0.667963 -0.507657 -0.521546 0.964021 -0.164675 -0.529323 0.773505 0.673043 0.668782 -0.096325 -0.587409 -0.766629 
-0.066192 -0.814743 0.243180 0.612915 0.940353 -0.973847 -0.027451 0.627339 0.113962 0.615347 0.671523 0.847096 0.882311 -0.211787 -0.894554 -0.590641 0.710907 0.972550 -0.049748 0.378870 -0.535107 0.428707 0.342891 0.300218 0.899383 0.116396 -0.026739 0.568165 -0.979929 0.385852 0.801536 -0.046121 0.571109 0.044716 -0.433207 0.511462 0.070869 0.539342 0.138801 -0.815168 0.154689 -0.189676 -0.968073 0.037000 0.598537 -0.862627 0.446359 0.309444 -0.890076 -0.603388 -0.311686 -0.425183 0.825318 -0.968795 0.875035 0.724701 0.147601 -0.151703 0.292866 0.167672 
-0.765851 0.094403 -0.878449 0.805258 -0.860881 -0.311656 0.316720 0.209988 -0.772314 -0.544479 0.394819 0.382375 0.265846 0.426746 -0.580624 -0.135617 0.564120 0.865735 -0.826173 0.674043 -0.737653 -0.137859 -0.751139 -0.912335 -0.106654 -0.876104 0.812366 -0.959053 -0.027808 0.105233 0.208619 0.206341 -0.800364 0.330170 0.011599 -0.661246 -0.981487 -0.671681 0.548742 -0.753801 -0.216160 -0.056439 0.628575 -0.950315 -0.629692 -0.952049 -0.085932 0.934427 0.913686 0.087895 0.608471 -0.823967 0.950036 0.857331 -0.736302 -0.156618 0.981227 -0.923936 -0.115671 -0.046580 
0.181297 -0.907052 -0.840239 0.380933 0.423118 0.171360 0.719687 0.441631 0.499679 0.268429 0.687830 -0.716481 -0.788010 0.316405 -0.666796 -0.417702 0.364356 0.247272 -0.483274 0.278042 -0.664833 -0.874804 0.454075 -0.714797 0.982528 0.717773 0.128584 0.963755 0.793837 -0.987087 -0.082825 -0.024866 -0.894139 0.076936 -0.643933 0.528979 -0.751704 -0.924246 -0.029390 0.747975 0.344183 -0.341560 -0.968507 0.556173 0.974845 -0.635303 -0.861529 0.339201 0.611969 -0.344803 -0.382757 0.947136 -0.219607 -0.928682 -0.767661 -0.237079 0.789091 0.360923 -0.273324 0.582927 
0.373837 0.643851 -0.441939 0.479698 -0.279213 -0.085872 0.008677 -0.030917 -0.010118 0.979286 -0.282943 -0.665936 -0.362274 -0.251450 0.890237 -0.387428 0.113247 -0.971292 0.951773 -0.274783 -0.316095 -0.430984 -0.327647 0.464298 -0.359666 -0.095308 -0.772782 -0.570575 -0.734385 -0.046106 -0.987648 0.639452 -0.402255 -0.429586 0.119149 0.318532 0.484541 -0.872174 -0.712386 -0.525577 -0.892888 0.004671 -0.191513 -0.255161 0.753221 -0.301276 0.357410 -0.133531 -0.272568 0.309183 0.591685 0.411337 0.878199 -0.735962 -0.124366 -0.481467 0.168730 0.102852 -0.052042 0.434345 
-0.943254 -0.039689 0.073797 -0.345509 0.530724 -0.807054 0.973023 0.015266 -0.679228 -0.739363 0.489689 -0.572115 0.265309 -0.701824 0.172723 0.018530 -0.003100 -0.469867 0.884999 0.724332 0.839316 0.476684 0.135669 0.717516 0.740722 -0.988697 -0.763951 -0.090548 0.114155 0.184007 -0.656203 0.170901 -0.855682 0.417594 0.825393 0.675042 0.610540 0.798416 -0.309692 0.931312 -0.940947 -0.820004 -0.640803 0.324362 -0.521828 0.531920 -0.657108 0.475071 -0.937946 -0.772109 0.199403 0.901370 0.704575 -0.664928 0.618886 0.445297 -0.653626 0.854935 -0.645251 0.460529 
0.038942 -0.301454 -0.368569 0.183260 -0.883860 -0.543177 -0.141698 0.726680 -0.744761 0.548609 0.657992 -0.685707 0.728606 -0.982811 0.638655 -0.793223 0.549110 0.981547 0.681849 0.611163 -0.790562 -0.118748 0.512533 0.914013 0.216323 0.131419 0.359309 0.562698 -0.013646 0.714058 0.023227 -0.974704 -0.587396 0.654658 0.208556 -0.471257 -0.888519 -0.933142 -0.744577 -0.633280 0.615467 0.913415 -0.318987 0.344073 0.930605 -0.680332 0.550850 0.479714 -0.698785 0.232699 0.090878 -0.489347 -0.886049 -0.396589 -0.575334 0.330274 0.734830 0.783975 -0.107028 -0.278816 
0.498033 0.916199 -0.253520 0.910637 0.570856 0.955036 -0.560620 0.682338 -0.978106 -0.305197 -0.950942 0.637361 -0.391782 -0.269929 -0.018566 -0.461177 0.049739 -0.467715 -0.981463 0.350955 0.764984 0.109415 0.861608 0.878934 0.712826 -0.713726 0.209208 0.447656 -0.929751 -0.897819 -0.831160 0.568282 -0.981621 -0.084680 0.478919 0.589236 -0.129644 0.918299 0.271573 -0.107750 -0.386899 0.320631 -0.470389 0.221320 -0.949298 0.511045 0.760142 0.100442 -0.956670 0.778680 -0.548604 0.808313 -0.111905 -0.686996 0.687248 -0.399079 -0.400722 -0.103544 -0.951423 -0.330473 
-0.001363 -0.782583 -0.762190 0.017016 0.132737 0.716728 -0.393748 -0.996907 0.635027 0.877826 -0.104657 -0.751871 0.198457 0.424954 0.469448 0.249160 -0.064001 0.229591 -0.650399 -0.020671 0.008270 -0.199002 -0.212357 0.896365 0.114002 -0.525109 -0.502715 0.713281 0.371347 -0.454138 -0.617192 -0.630016 -0.236721 -0.379382 0.387000 0.896016 -0.662654 0.993253 0.899109 0.972373 0.871078 -0.205548 -0.779498 0.069535 -0.780594 0.689950 -0.681305 0.155405 -0.080459 -0.331703 -0.865266 0.927811 0.469295 -0.077623 0.824176 -0.416703 0.397268 -0.678539 -0.703422 -0.231385 
-0.132677 -0.320614 0.138598 0.630602 0.300004 -0.474401 0.526618 0.637350 -0.481149 0.425727 0.609723 -0.610070 -0.779821 0.830225 0.459465 -0.560416 0.520175 0.778160 0.594989 -0.560284 -0.553543 0.729724 -0.632474 0.915751 -0.347899 -0.808298 -0.500952 -0.950632 -0.486837 -0.204374 -0.182017 0.380486 0.475012 0.956581 0.011088 -0.224985 -0.517820 -0.462294 -0.587635 0.001031 0.963433 -0.977912 0.390961 -0.816388 0.852314 -0.149574 -0.376803 0.372489 -0.371414 -0.781814 0.812204 0.075043 0.947910 -0.820270 -0.009205 -0.399990 -0.628568 0.489843 -0.350622 -0.115404 
-0.714531 0.467361 -0.734918 0.760480 0.423942 0.276170 -0.464504 0.906121 0.813876 -0.052139 -0.092848 0.777309 -0.030051 -0.701887 0.960922 -0.177737 0.148539 -0.415882 -0.805249 0.777125 -0.197696 -0.993044 -0.147832 -0.249786 -0.813314 0.842962 0.350224 -0.441881 0.332805 0.999602 0.442714 0.618274 0.466963 0.707796 0.378754 -0.109095 -0.016034 0.914250 -0.202974 -0.202158 -0.137889 0.704179 -0.424849 0.832060 -0.997708 -0.463928 -0.345677 0.150830 0.120191 -0.150925 -0.072045 0.922495 -0.143970 0.780123 -0.327291 0.042716 0.623085 -0.977067 0.600835 -0.044110 
-0.977465 0.043549 -0.425836 0.489498 -0.248656 0.952919 -0.619597 0.735310 0.867169 0.177430 -0.466849 -0.270720 -0.118392 0.108302 -0.438660 -0.116100 0.644375 0.215663 -0.965269 -0.235434 -0.935262 -0.037314 -0.312940 -0.079232 -0.257191 0.359769 0.963484 -0.634106 0.382702 0.564319 0.321784 0.405237 -0.392133 0.895948 -0.105265 0.359211 0.848867 0.275138 0.094521 0.716036 -0.547433 0.627673 -0.554685 0.334176 -0.264025 0.006655 -0.781924 -0.619650 -0.777681 -0.747194 0.144915 -0.712944 0.215492 0.831976 0.207824 0.958301 0.191745 0.171308 -0.675805 -0.425554 
-0.264374 0.645979 0.979683 0.343494 0.541927 -0.125582 -0.297295 0.390794 -0.850445 0.797226 0.106830 -0.397877 0.424899 0.552145 0.936298 -0.839126 -0.441199 -0.845626 -0.458776 -0.218881 -0.592819 0.686140 0.068175 0.622673 0.518115 -0.724001 0.580974 -0.290140 0.447307 0.905168 0.284306 -0.817066 0.551147 0.263989 0.526427 0.093074 -0.861593 -0.770868 -0.516132 -0.712038 -0.973641 0.590698 -0.109915 0.451258 0.142844 -0.173617 0.612132 0.701644 -0.019242 -0.846644 -0.517236 0.387938 0.839496 0.550939 0.010611 0.357611 0.826939 -0.408415 -0.932529 0.274246 
-0.503247 0.351778 0.457179 -0.952100 -0.384233 -0.016393 0.140974 -0.245826 0.212739 0.624842 0.042136 0.239098 0.215541 0.932221 -0.309644 -0.641616 -0.241396 -0.697512 -0.939972 0.739362 -0.544156 -0.457208 0.127301 -0.704660 -0.906269 -0.862088 0.652951 0.920670 -0.270503 0.720422 0.194915 0.226250 0.072200 -0.347905 0.274150 0.687967 0.635702 -0.584876 -0.557860 -0.151559 -0.960034 0.484277 -0.912461 0.255507 0.416498 -0.222105 0.613891 -0.824898 0.080383 0.673919 0.914464 0.536228 -0.783289 0.041765 0.831567 -0.689558 0.179677 0.484518 -0.768888 0.909173 
0.204940 0.426027 0.135423 -0.722860 -0.921878 -0.590427 0.965107 0.713823 -0.175303 -0.592753 -0.437736 -0.135337 0.891524 -0.350197 -0.879830 0.308021 0.427698 0.734060 0.483123 -0.491919 0.407979 0.397588 -0.955691 0.624691 -0.560647 0.875876 0.935133 0.619029 0.360395 -0.833756 0.528203 -0.434665 0.592271 -0.336374 -0.157525 0.670393 0.073199 -0.192418 0.384216 0.897896 0.214829 0.946480 -0.237441 0.106353 -0.403717 -0.117271 -0.585626 -0.976019 -0.383211 0.897497 -0.467938 -0.975231 0.295085 -0.423629 0.649459 0.734438 -0.547753 0.584592 0.353467 0.812642 
0.750836 -0.118330 -0.622023 0.343108 0.545296 0.220452 0.013501 -0.381505 -0.971966 -0.602284 -0.483609 0.242862 -0.655804 0.278950 -0.650785 -0.059521 -0.838322 -0.236411 -0.035541 -0.221532 -0.338914 0.496521 -0.196764 0.956171 -0.927108 -0.547304 0.690609 -0.474861 -0.962712 0.044076 -0.662220 0.788124 0.925746 -0.284243 0.131232 0.471041 0.936209 -0.855268 -0.910464 0.964242 -0.457551 -0.394073 0.207105 -0.113355 0.884876 0.556320 0.827124 -0.953445 -0.680092 -0.208417 -0.174977 -0.019005 -0.711895 0.628259 -0.062834 -0.639003 -0.919045 -0.372225 -0.113864 -0.881757 
0.671851 0.223916 0.906367 0.597596 0.939673 0.037599 0.068637 0.875882 0.182331 0.158173 0.840124 0.724780 0.764100 0.047229 -0.388575 0.648977 -0.396452 -0.561451 0.695532 -0.076543 0.230133 -0.479446 0.904451 0.518237 -0.851187 -0.158383 0.879234 -0.770232 0.469392 -0.234630 -0.651989 0.141242 0.989286 -0.745623 -0.261162 0.928959 0.291976 0.807476 0.804841 -0.525693 -0.034351 0.644965 -0.800912 -0.270251 -0.307806 -0.189487 -0.621274 0.295742 0.249062 -0.925743 -0.780802 -0.520805 -0.405188 -0.876350 0.997432 -0.256375 -0.034733 0.876666 -0.026607 -0.565342 
-0.357964 0.321404 0.575900 -0.368677 0.575781 -0.685261 -0.439718 -0.132243 -0.877786 -0.634877 0.342065 0.087864 -0.989912 0.541152 0.817613 -0.297719 -0.648335 -0.803661 0.998023 0.600727 -0.729404 -0.782779 -0.920078 -0.134592 -0.659129 -0.922646 0.609033 0.306137 0.954020 -0.417574 0.740795 -0.403943 0.903830 0.316696 0.227379 0.479611 0.631435 0.787661 -0.652632 0.753649 -0.847216 0.689433 -0.158487 -0.837129 0.230586 -0.340874 -0.134848 0.582251 -0.144536 -0.136825 0.182978 0.126061 0.080396 0.262899 0.991469 0.421267 0.340253 0.600502 -0.272596 0.294273 
-0.817072 -0.531801 0.890330 -0.913242 0.784895 0.117709 0.566369 0.416330 -0.094630 0.913738 0.169979 0.058153 0.603171 -0.988509 0.221024 -0.166243 -0.329383 -0.913823 -0.583993 0.526082 -0.050649 0.598985 -0.347858 -0.970253 -0.138116 -0.356389 0.451014 -0.797863 -0.755887 -0.821582 0.496410 -0.572959 -0.353383 0.386740 -0.486200 -0.568488 -0.495551 -0.919831 0.847842 0.409819 0.993907 0.017821 -0.532027 0.597078 0.029312 0.688997 -0.569166 0.699929 0.775174 -0.153158 0.226011 -0.275475 -0.554173 0.878153 -0.245728 0.307711 -0.478236 -0.794714 0.509848 -0.234122 
-0.616296 0.006259 0.192919 0.030322 -0.607001 0.706719 0.461834 -0.102552 0.786888 0.309676 -0.692732 0.780795 -0.672503 -0.224760 0.377872 0.356809 -0.535763 0.808707 0.056739 -0.760589 -0.344451 -0.717250 -0.036064 0.101375 -0.839097 0.718208 -0.590914 -0.317332 0.923494 0.918934 0.448545 -0.692801 -0.074807 -0.358535 0.337521 0.318192 -0.651817 -0.200645 -0.784360 -0.864929 -0.890969 -0.477092 0.915866 -0.563472 0.298148 0.293738 0.793338 0.762385 0.102445 -0.149923 -0.998204 0.757993 0.132827 -0.034269 -0.140631 0.293730 -0.316061 0.268455 0.976398 -0.392566 
0.187389 0.424943 -0.085367 -0.887419 -0.933592 -0.747847 0.430773 -0.585409 0.051508 0.646413 -0.450338 0.160539 -0.830679 -0.534473 0.597067 0.467469 0.759265 0.390405 0.229854 -0.138290 -0.759519 0.231649 -0.380296 0.373308 -0.802619 0.479072 -0.332962 -0.118680 -0.252473 -0.356564 0.488754 0.934915 -0.931621 -0.596613 -0.952503 -0.865214 -0.344460 0.478270 -0.450623 0.707048 0.124683 0.099039 -0.132413 0.294004 0.564567 -0.535346 -0.238528 0.323832 0.855058 0.991326 -0.814458 -0.904460 0.222976 -0.194754 0.468848 0.420356 -0.715682 -0.864114 -0.698323 0.031845 
-0.220679 0.790431 -0.033240 -0.152300 -0.806183 0.014257 -0.017514 -0.150643 -0.507473 0.531864 -0.443595 0.617210 -0.369097 0.423992 -0.088787 -0.804530 0.888645 0.672686 0.519302 0.743704 0.664012 0.704845 0.839243 -0.113013 -0.489909 0.308091 -0.692656 -0.205591 0.443977 -0.390980 0.826254 -0.776702 -0.600549 -0.206986 0.070998 -0.406732 0.807271 -0.946516 0.442625 -0.700202 0.585348 0.999030 0.917007 -0.783749 0.423022 -0.171780 -0.588279 0.311667 -0.499094 0.931023 0.055371 -0.835082 0.635868 -0.105385 0.051905 -0.854042 -0.797294 0.359249 -0.059633 0.646682 
0.968269 -0.233379 0.869980 -0.632280 0.559636 -0.059022 -0.039012 0.366907 -0.005538 -0.596387 0.666705 -0.420190 -0.597357 0.583712 -0.203939 0.825665 -0.588068 0.207782 0.137333 -0.087162 0.138805 -0.807296 0.077756 -0.225327 0.087318 -0.870339 -0.079369 0.290024 0.488910 0.860998 -0.063294 0.457179 -0.372380 -0.193314 0.824899 -0.812745 0.747663 -0.214113 0.554162 -0.257875 0.189500 0.220866 0.321935 0.592143 -0.195422 -0.882005 0.417809 0.216511 0.325777 -0.444858 -0.870651 -0.535418 -0.252154 0.207105 0.239254 0.835164 0.336767 -0.840115 0.125188 -0.174323 
-0.979116 -0.938106 -0.717144 -0.351497 -0.131420 -0.892245 -0.164241 -0.383757 -0.106359 -0.610079 0.358368 -0.916859 0.610787 -0.319697 0.675285 -0.584634 -0.201702 0.093093 0.631876 -0.875925 0.648235 0.761225 -0.411343 -0.603919 -0.031669 0.827911 -0.768755 -0.694903 0.987797 0.356433 0.130774 -0.991319 0.418327 0.413630 -0.342816 -0.713094 0.521384 0.492943 -0.096851 -0.584974 0.882864 -0.738483 -0.501833 0.493651 -0.058180 -0.826549 0.909016 0.740118 0.266545 0.540892 0.864193 -0.085220 0.302118 -0.547150 0.310860 -0.729551 -0.719239 0.542105 -0.424454 -0.731442 
-0.101462 0.706320 -0.722762 -0.683136 0.119950 -0.065577 -0.396229 -0.358665 -0.572635 0.506920 0.056360 -0.689771 0.768438 0.554527 0.803880 -0.289742 0.727979 0.712896 -0.549624 -0.005477 0.253788 -0.685432 0.909303 -0.444094 -0.232582 0.220163 -0.173645 0.048179 -0.237732 0.401901 0.316737 0.660806 0.108221 0.593976 0.977670 -0.771829 -0.471602 -0.418559 -0.130494 -0.044236 -0.911639 0.925866 0.265993 0.856799 0.480394 0.069872 -0.432944 0.208372 -0.217232 0.017432 -0.797104 -0.963444 0.332000 -0.887801 -0.407538 -0.900581 0.332362 0.418817 0.147598 -0.905370 
-0.179282 -0.535665 0.755436 0.928938 -0.941689 0.733106 -0.842891 -0.413291 -0.685453 0.026615 0.542473 -0.597092 -0.047519 -0.191534 -0.740293 -0.567125 0.878338 -0.173237 0.641247 -0.338894 0.844195 0.844143 -0.302338 0.176196 0.956341 0.290125 0.275614 0.288703 -0.291058 -0.576788 0.383333 0.529660 -0.112453 0.138769 0.458598 -0.054142 -0.128124 0.615707 0.532568 0.186423 -0.357678 0.075041 0.589331 0.594804 0.883506 0.849038 -0.972321 0.761844 -0.324199 0.668926 -0.577050 -0.480003 0.513068 0.120613 0.696192 0.469409 -0.589263 -0.028193 -0.241888 0.119679 
0.395019 -0.858555 -0.350661 -0.717433 0.280215 -0.892063 0.228425 -0.847910 0.723644 -0.239007 0.338513 -0.634033 0.836033 -0.072156 0.960770 0.719540 -0.223118 0.988449 0.481384 0.452683 0.657375 0.904334 0.972680 0.170443 0.024947 0.668872 -0.360148 0.435684 -0.359321 0.397964 -0.444636 -0.964302 0.539409 0.204703 -0.681736 -0.180376 0.312639 0.546689 -0.028286 0.036284 -0.692318 -0.689773 0.402250 -0.856285 0.238071 0.363021 0.863255 -0.985047 0.351470 0.344639 0.467636 0.008844 0.248974 0.440316 -0.820713 -0.726079 0.109188 -0.180861 0.709605 0.749866 
-0.782898 -0.735031 0.785564 0.756512 0.469672 -0.896172 -0.423864 -0.217689 0.650517 0.547850 0.818595 0.958199 0.858077 0.220845 -0.898085 0.096148 -0.416134 0.965170 0.111102 0.935336 0.309809 -0.421262 -0.055820 -0.441217 -0.980946 0.123467 -0.167296 0.128242 0.942606 -0.457690 -0.121892 -0.840292 -0.192721 -0.336328 0.916220 -0.723049 -0.232499 -0.507645 0.059262 -0.581982 -0.959795 -0.122143 -0.623783 0.898282 -0.901298 -0.521868 -0.005569 -0.317432 -0.556698 -0.894468 -0.382096 0.753111 -0.315730 0.562085 -0.688105 -0.296676 -0.314448 0.144599 0.831566 -0.371843 
0.686909 -0.290325 -0.212135 -0.505812 0.373347 -0.295915 -0.228862 -0.859153 0.196440 0.830401 -0.441135 0.236645 -0.291742 -0.064917 0.134927 -0.193040 0.413215 -0.870643 0.489529 0.856517 -0.765110 -0.892567 0.609628 -0.080840 0.669518 0.921523 0.622485 -0.644931 0.066122 0.454051 -0.016774 -0.246969 -0.836275 0.771092 0.247219 0.537072 -0.524823 -0.981643 0.677920 0.671617 0.848758 -0.763215 -0.091739 -0.442985 0.171867 -0.956812 0.363976 -0.414918 -0.827454 -0.146496 -0.558401 -0.592564 -0.039063 -0.948773 0.326596 -0.369546 0.972750 -0.050920 -0.014476 0.038872 
-0.596869 0.968750 0.791903 -0.433143 0.739842 0.039122 -0.896071 -0.784981 0.057480 0.781848 0.886635 -0.093763 -0.981367 -0.205103 0.463253 0.190501 -0.161915 -0.172772 0.775583 0.010631 0.680732 -0.782818 0.418066 -0.358331 -0.731591 -0.255338 0.272124 -0.758841 0.693743 -0.742353 0.280032 -0.903126 -0.773602 0.071936 -0.336270 0.966239 -0.888942 -0.232341 -0.818742 0.168537 -0.450492 -0.932107 -0.925225 -0.431859 -0.137210 0.538028 0.758642 0.700875 -0.634744 0.534225 -0.288494 -0.954012 0.751407 -0.870428 -0.312342 -0.980183 -0.125766 0.959782 -0.739024 -0.432023 
-0.782571 0.541008 -0.335149 -0.556174 -0.387057 0.328581 -0.589934 -0.275999 -0.903760 -0.408676 0.892539 -0.354252 -0.340783 0.967313 0.213889 0.522007 0.505341 -0.027469 0.222882 0.870597 -0.493243 0.934388 0.916585 -0.741836 -0.936040 -0.395757 -0.722020 -0.061806 -0.435976 -0.461044 0.506171 -0.218547 -0.920036 -0.828978 0.225280 -0.307092 0.499603 0.635345 0.416909 0.595843 -0.773331 0.309447 -0.758408 -0.114114 0.276760 0.455481 -0.592107 -0.217899 -0.571988 0.630775 -0.347302 -0.065231 0.565162 -0.430717 0.192932 0.629122 0.173525 0.470913 -0.432683 0.737550 
-0.990131 -0.926512 -0.480997 -0.910167 -0.755490 0.744282 -0.217259 0.744113 0.379628 -0.800350 0.339956 0.606297 0.509097 0.581548 -0.507817 -0.214143 0.037029 -0.099924 0.567959 0.465041 -0.469149 -0.779343 -0.600190 -0.903987 -0.210061 0.592742 0.725135 0.963465 0.063655 -0.707548 0.701014 0.073524 -0.634060 -0.779983 0.163357 -0.389550 0.964299 0.946098 -0.645437 0.343927 -0.854253 0.694519 -0.049776 0.654844 0.276067 0.442407 -0.559298 -0.686904 -0.657518 -0.991340 0.778136 -0.126667 -0.770683 -0.822054 -0.030654 0.019256 0.770688 -0.305519 -0.017279 -0.165657 
-0.013067 -0.316265 0.907867 0.352873 -0.096248 0.071223 0.963323 -0.131949 0.017321 -0.682114 -0.788022 0.163068 -0.987595 0.162202 -0.182087 0.288472 -0.395392 0.258614 0.601567 -0.052909 0.267275 0.379704 0.820424 0.496592 0.557650 -0.210231 -0.484152 0.328338 0.484251 0.498569 -0.837319 -0.528816 -0.817696 -0.929453 0.824057 0.086056 0.141771 0.787380 0.954107 -0.840908 -0.894735 -0.833915 0.322160 -0.882330 0.328287 -0.859927 0.406142 0.932895 0.398688 0.007709 -0.120014 -0.334037 -0.612587 -0.299590 -0.837446 0.945063 0.490179 -0.321598 0.273401 -0.025570 
-0.823029 0.436082 0.445614 -0.640726 0.506629 0.269670 0.445330 -0.351600 0.057050 0.399436 -0.192508 0.162315 0.565521 -0.870347 0.279985 -0.106192 -0.730274 -0.313873 -0.173296 0.668414 0.693836 0.706690 -0.665624 -0.918751 -0.592900 -0.503069 -0.973688 0.897280 0.175333 0.299713 -0.128291 0.352303 -0.264205 -0.682677 0.711578 -0.757576 0.586993 0.156907 -0.109175 -0.355957 -0.443656 0.698317 0.806358 -0.878135 0.827970 0.086343 0.015674 -0.902304 0.772469 0.842378 0.766110 0.466305 0.549068 -0.899514 0.547553 0.956168 -0.402583 0.573865 0.853447 0.772750 
-0.126422 -0.274843 0.125053 0.609373 0.042480 -0.163369 0.851797 -0.370527 0.993538 -0.257379 0.273516 -0.450118 -0.559061 0.079873 -0.328253 -0.731091 -0.833784 0.687421 -0.633395 0.938685 0.529799 -0.867285 0.404990 0.078866 -0.766799 -0.047457 0.035034 -0.169382 -0.473592 -0.111519 -0.396632 0.399986 0.613638 0.728421 0.009359 -0.343883 -0.434948 -0.138844 0.285590 -0.441410 0.603777 -0.440894 0.108472 -0.955284 0.638979 0.780219 -0.686376 0.805195 0.467640 -0.319771 0.743880 -0.002562 -0.187056 0.148870 -0.923696 0.046145 -0.898587 0.111338 0.876763 -0.372178 
0.999819 -0.519869 -0.972192 0.613457 -0.791448 0.037167 -0.730425 -0.226396 0.898322 0.555165 0.332194 0.502100 -0.885729 -0.559334 0.546816 0.753250 -0.779115 0.860440 0.558445 0.688524 -0.459331 0.302325 -0.314038 0.353612 -0.548805 -0.237733 -0.600243 -0.447392 0.873605 -0.723479 0.180430 0.873424 -0.243348 0.208238 0.486881 -0.034796 -0.754596 0.756456 0.738809 -0.856273 0.311621 0.071003 0.645827 0.425891 0.511669 0.192642 0.179141 0.732553 0.053082 -0.262414 0.421078 0.593750 -0.960089 -0.892960 -0.052637 -0.508894 -0.130693 0.347120 0.043714 -0.257089 
0.623641 -0.775857 -0.383665 -0.619707 0.432381 -0.896783 0.345497 0.677785 0.859672 0.084306 0.821512 0.171293 -0.844692 0.467339 -0.402816 0.666977 -0.340019 0.776325 0.399530 0.713063 -0.486089 -0.179392 0.306813 -0.446178 -0.072352 -0.745824 0.044927 0.796954 0.601296 -0.911359 -0.460135 0.224937 -0.687216 0.156201 0.605230 0.745165 0.259417 -0.049273 0.422951 0.119090 -0.964968 0.244463 -0.709617 -0.809659 -0.288199 -0.112433 0.857318 0.371782 -0.336108 0.256848 0.084845 0.177803 -0.922544 -0.608342 0.731625 0.005103 -0.354166 -0.223447 -0.197942 -0.752870 
-0.134806 0.341923 0.472067 0.177978 -0.501876 0.077297 -0.076856 0.757541 -0.971976 -0.653906 -0.123369 -0.936944 0.590557 0.167014 -0.746603 -0.697641 -0.945419 -0.889286 0.674141 -0.281527 0.367562 -0.241015 0.896276 0.445018 0.150643 0.627902 -0.549879 0.796477 -0.595546 0.252179 -0.956394 0.269648 -0.405898 0.515674 -0.552373 0.092225 -0.407030 0.370770 -0.150233 -0.379006 0.716865 0.726397 -0.315950 0.307422 -0.106589 -0.062553 0.609781 -0.052009 0.048162 0.283921 0.666464 -0.584276 -0.957093 0.562741 0.860742 0.193550 0.190642 -0.689137 -0.009973 0.595097 
0.563042 0.033633 -0.135255 -0.842856 -0.450693 0.312372 0.249369 0.142277 -0.316858 -0.900864 0.763271 -0.599993 0.825533 -0.552678 0.707429 -0.281056 0.384769 0.317210 0.666935 -0.567069 -0.398868 0.333400 -0.151345 -0.355961 -0.103860 -0.290604 0.837589 -0.913217 0.020259 -0.172385 0.681880 -0.416699 0.861249 -0.453375 -0.259555 -0.589445 0.858997 0.989814 0.552833 -0.457861 -0.911051 0.316104 -0.057853 0.914482 0.763425 -0.350424 -0.366574 0.148194 0.966786 -0.699638 0.581125 -0.432082 0.633761 -0.570221 0.211957 -0.470098 0.139176 0.049545 -0.383315 -0.840565 
0.877161 -0.701436 -0.257263 0.738410 -0.154811 0.483182 -0.851035 -0.295814 0.472995 0.701797 0.246325 0.561945 0.017901 -0.811528 0.476427 -0.218673 -0.161952 -0.890147 0.929521 -0.195166 -0.589785 0.510646 0.372752 -0.956024 0.940425 -0.415291 -0.426122 0.079601 0.634254 0.190563 0.239037 0.511415 0.489127 0.981773 0.249824 -0.665684 0.464955 0.398789 0.038502 -0.062050 0.100587 -0.715172 -0.500105 -0.881512 -0.526700 0.976322 -0.100185 0.311348 -0.913825 -0.170664 -0.883817 -0.503610 -0.660018 0.488935 -0.459634 -0.719593 -0.926356 0.114244 0.360009 0.707897 
-0.695193 -0.400955 0.219312 0.793934 -0.419182 -0.530864 -0.871750 -0.954227 0.867926 0.166753 -0.016277 -0.031487 0.451581 0.483618 0.087001 0.924881 0.459940 0.986816 0.236229 0.546115 -0.183848 0.352412 -0.957495 0.156134 -0.158654 -0.417129 0.436541 -0.085010 0.697115 -0.203450 -0.377113 -0.998078 0.395595 0.842200 0.795856 0.976413 -0.688664 0.924106 -0.977814 -0.820738 0.090859 0.005910 0.147774 -0.457561 -0.510472 -0.765225 -0.532680 0.949468 -0.778409 0.703549 0.495583 0.037742 0.055961 0.538088 -0.806124 0.897307 -0.879041 0.630417 -0.187703 0.818074 
-0.573033 0.435184 0.819996 0.822562 0.277384 0.615851 0.798976 0.588720 0.539957 0.821162 0.767982 -0.369184 -0.172929 -0.084243 0.173255 0.316599 0.150532 0.640575 0.266067 0.372123 0.344124 -0.238351 -0.590135 -0.599916 -0.700263 -0.396259 -0.702609 -0.579305 -0.765841 0.109688 -0.761231 -0.338874 -0.455127 -0.941235 -0.516312 0.822257 0.674616 -0.717336 0.410977 0.214573 -0.896174 0.178959 0.845389 -0.069103 -0.905284 0.018644 -0.752504 0.245248 -0.340781 0.513563 -0.382630 -0.996657 -0.724788 0.027235 -0.596573 -0.425051 0.630977 -0.299182 -0.004356 0.865135 
0.810506 0.234413 -0.473739 -0.644621 0.293178 0.009950 -0.822364 -0.032206 0.292614 0.588613 -0.817633 0.396439 -0.232428 -0.972244 -0.672663 -0.137712 0.046400 -0.425167 -0.892464 0.705619 -0.911604 -0.275093 0.708962 -0.636392 0.752142 -0.887612 -0.061444 0.383119 -0.186793 0.934200 0.248254 -0.376287 0.168613 0.774516 -0.020908 -0.538209 -0.215535 0.156728 0.429584 -0.922921 -0.254659 0.611951 0.473518 0.512914 0.639707 0.800855 -0.624798 -0.313893 -0.624312 -0.517262 -0.608274 -0.535916 0.207645 -0.899312 -0.172308 -0.040213 -0.786924 0.766248 -0.657094 0.026283 
0.700448 0.591160 0.649996 -0.130939 0.365676 -0.370912 0.330852 -0.849859 0.785817 -0.239564 -0.772780 -0.468842 -0.627613 0.700739 -0.955928 -0.987906 0.501594 -0.580726 -0.301799 0.877282 -0.097988 0.089927 -0.658634 -0.890342 0.190615 0.169058 0.069445 0.403691 -0.064694 0.412351 -0.570026 -0.364246 0.003511 -0.920030 0.504815 -0.630814 -0.290941 -0.164333 -0.480673 -0.505125 0.596102 -0.253452 0.026033 0.968489 -0.552714 0.070105 0.980583 0.948880 0.489379 -0.321215 0.826162 -0.608609 0.768712 -0.832472 -0.498951 -0.040673 0.336586 0.570493 -0.636981 -0.728108 
-0.017156 -0.207007 -0.092354 0.986355 -0.127037 -0.587539 -0.644459 0.582022 0.248128 -0.125131 -0.923103 -0.155770 0.621416 0.102931 -0.187280 -0.931297 -0.826964 -0.206697 -0.982417 0.662415 0.472088 0.843745 -0.946194 0.240800 -0.988726 -0.445145 -0.799873 0.347860 -0.874652 -0.436855 0.619752 0.108192 0.356138 -0.472602 0.094547 -0.770898 -0.060141 0.450088 0.811124 -0.812014 -0.675043 0.888021 0.032217 0.946373 -0.009048 0.844936 -0.984924 0.163988 -0.361761 -0.967341 -0.173598 -0.889673 0.876404 -0.119792 0.351127 0.887677 0.435062 0.551254 0.235537 0.560410 
-0.885601 -0.144711 -0.331397 0.470537 0.382686 0.763149 0.699639 -0.677455 0.213238 0.510762 -0.489469 0.538195 0.398783 0.542748 0.484568 -0.610265 0.387684 0.499643 0.553723 -0.974076 0.532302 -0.619875 -0.863750 0.408706 0.260333 0.487377 0.296383 -0.304605 0.038631 -0.468081 -0.744195 0.153030 0.387208 -0.075592 -0.376433 -0.230106 -0.312443 -0.676795 0.092439 0.900795 0.833968 0.602971 0.438990 0.232751 0.145719 -0.076443 0.622486 -0.466597 -0.576799 0.176209 -0.440673 0.955503 0.556334 -0.304423 0.364208 -0.183333 -0.817046 -0.339409 0.512062 0.221585 
0.192510 0.767867 -0.625386 -0.420282 -0.307725 -0.001819 0.349613 0.379832 0.321386 -0.557948 0.280627 0.155354 -0.954977 -0.280383 -0.611895 0.190741 0.643174 -0.989408 0.724144 -0.933625 0.186801 -0.716529 -0.978123 -0.256865 -0.020952 0.386086 0.559802 0.162002 -0.953324 0.071863 -0.616413 0.239187 -0.160270 -0.241799 0.818905 0.532005 0.756382 0.168518 -0.088163 0.077769 0.610570 -0.807535 -0.766877 0.655593 -0.087919 -0.378772 -0.153666 -0.444745 -0.368181 -0.429522 -0.378370 0.818620 -0.146051 -0.356493 -0.438245 0.832998 -0.970407 -0.878443 -0.005000 -0.923731 
0.193420 0.378587 0.315456 -0.966850 -0.863212 0.134361 0.565156 0.893171 -0.697120 -0.523007 -0.029060 0.913450 -0.330542 0.204063 0.569042 0.581539 0.825291 -0.584624 -0.863205 -0.542890 -0.014145 -0.241575 -0.724270 0.839805 0.401932 -0.162515 0.672802 0.431524 -0.040958 -0.332198 0.507794 -0.847538 -0.953611 -0.176750 -0.814387 -0.816823 0.957611 0.750769 -0.923652 -0.739509 -0.772238 0.047288 -0.826060 -0.102780 -0.748650 0.742983 -0.521241 -0.923359 -0.841641 -0.384447 -0.466249 0.144214 0.373978 -0.190519 -0.015981 -0.224091 0.646967 -0.343179 -0.792566 -0.393991 
0.324622 0.715227 -0.241529 0.371011 -0.461523 -0.055916 0.554188 -0.503912 -0.305148 0.630536 -0.243421 -0.077386 -0.322176 -0.069481 0.819834 -0.070826 -0.326498 -0.701408 0.005815 -0.168139 -0.085854 0.539565 0.976075 -0.711877 -0.650953 -0.039907 0.064033 0.996013 0.616914 0.271467 -0.397978 -0.058464 -0.013306 0.360493 -0.687453 0.525171 -0.695423 0.866735 -0.978741 -0.000571 0.497272 -0.222162 0.922043 -0.824905 0.708357 0.741877 0.104269 -0.618141 -0.959531 -0.889916 0.213719 -0.045385 0.649649 0.189794 0.242738 0.998696 -0.850113 -0.693229 0.994709 0.766801 
0.578238 -0.403269 -0.291663 -0.435068 0.957224 0.020885 -0.909896 -0.738199 -0.112380 -0.888637 0.261230 -0.615108 -0.110799 0.183274 -0.440013 -0.402442 -0.074849 0.664256 -0.020583 -0.034380 0.774340 -0.806864 0.920235 0.423990 0.382931 0.162973 0.422686 0.532818 0.469745 0.417395 0.299619 0.047983 -0.985874 -0.992043 0.612915 0.971350 0.028841 0.703018 -0.766849 0.916462 0.814381 0.494382 -0.698646 -0.296417 -0.322344 -0.138659 0.301141 0.602806 -0.474403 -0.719442 -0.431574 -0.700062 -0.526306 -0.511338 0.723927 0.856625 0.651635 0.146613 0.389443 0.121380 
-0.435992 -0.310938 -0.830638 -0.421866 -0.302981 0.782277 -0.450516 0.725860 0.485295 -0.217365 0.642321 0.299677 -0.722983 0.943675 -0.996741 -0.045327 -0.194984 0.304400 -0.442521 0.330613 0.584958 0.125905 0.630551 -0.941347 0.614567 0.354478 0.915277 0.266202 -0.498909 0.304720 -0.612419 0.065099 0.993782 -0.443056 0.643232 -0.309199 -0.660779 -0.807284 -0.583339 0.824516 -0.024648 -0.941018 0.124193 0.252369 -0.997343 0.127452 -0.792959 -0.192327 -0.568148 -0.235480 -0.861713 -0.983190 0.890425 0.768837 -0.924537 0.504992 0.123315 0.990740 -0.228806 0.624406 
0.295460 0.158776 -0.310495 0.289243 0.715719 -0.667262 0.980044 -0.945060 -0.474546 -0.603296 0.879456 0.500806 -0.544313 0.003648 -0.246826 -0.541656 -0.868900 -0.039785 0.266017 -0.437048 0.724735 0.404304 -0.420238 0.615161 0.173141 -0.344775 0.120153 -0.703543 -0.354035 0.891347 0.920863 0.941425 0.050122 -0.389632 0.230668 -0.234158 -0.056894 0.210712 -0.179219 0.468560 0.607417 -0.299763 -0.030634 -0.936897 0.703886 0.722540 -0.478553 0.834986 -0.317245 0.787465 -0.602062 -0.592510 0.191769 -0.022299 -0.977349 -0.635090 0.632926 0.142804 -0.338633 -0.721109 
0.034151 -0.417770 -0.779684 -0.915727 0.192598 0.450984 -0.149885 -0.864296 -0.338303 0.670896 0.604264 -0.730887 -0.628867 -0.426371 -0.667784 -0.924981 -0.703831 -0.146336 0.910005 -0.021076 -0.358872 -0.692057 0.386415 0.832897 0.285644 0.409066 -0.802193 -0.081431 -0.448130 -0.140827 0.197460 0.586021 0.441403 0.417776 0.670294 -0.365999 -0.131239 -0.479591 -0.230296 0.530457 -0.808695 -0.626032 0.799570 -0.437561 -0.052403 -0.868213 -0.362542 0.243766 -0.014550 -0.452537 -0.777310 0.626578 -0.144594 0.609105 0.459475 -0.858951 0.018170 0.657282 0.059619 0.570040 
-0.483545 -0.742921 0.156060 0.957858 0.674855 -0.173646 -0.408141 -0.456385 0.346763 0.361563 -0.925927 0.538069 0.735531 0.873643 -0.899492 -0.316871 -0.994571 -0.262034 0.926895 -0.009121 0.285428 -0.850415 -0.382542 -0.859166 0.758689 -0.923067 -0.718117 -0.223141 0.734215 0.341502 -0.653101 -0.749330 0.598581 0.502959 -0.791472 0.273436 -0.670686 -0.199613 0.817051 0.676077 -0.838050 0.891124 0.214146 0.897482 0.764767 0.314654 -0.419390 0.770196 -0.947380 -0.492495 -0.238924 0.338048 -0.342911 0.378533 0.478882 -0.584222 0.455466 0.760765 0.192638 0.189681 
0.102267 0.539537 0.440350 -0.299152 0.042496 0.648878 0.974284 0.371810 -0.550735 0.791335 0.047888 -0.388785 0.682458 -0.737966 -0.491303 0.447225 0.576688 0.089307 0.217421 0.629308 0.596812 0.978497 -0.032644 -0.746099 0.357030 -0.553763 -0.330321 -0.187504 -0.792997 0.862317 -0.997823 0.309270 0.401854 0.442527 -0.989882 -0.555650 0.091405 0.984401 0.816161 0.540670 0.775736 -0.135952 -0.848115 0.458194 0.126082 -0.339418 -0.094581 -0.297230 0.749889 -0.877160 -0.667922 0.346701 -0.898663 0.299433 0.600601 0.458367 0.745671 -0.729719 -0.729137 0.952673 
-0.867402 -0.726961 0.261943 0.534452 0.715566 0.272061 0.978802 -0.193029 0.256462 0.794963 -0.652359 0.032198 -0.340989 -0.500474 -0.509607 0.785093 0.160108 0.395812 -0.512136 -0.090003 0.518652 -0.180059 -0.743303 0.619989 -0.880625 0.857299 0.078356 0.865045 -0.872420 0.349219 0.817719 -0.739822 0.622258 0.079662 0.794630 0.337824 -0.648277 0.773432 -0.855205 0.608185 0.568395 -0.507564 -0.359617 -0.772594 -0.008038 0.130776 -0.987500 -0.847930 -0.473412 -0.499637 0.062067 -0.954760 0.320305 0.318764 0.665229 0.439679 0.176063 -0.256415 0.304724 0.303643 
-0.907196 0.122443 0.563820 0.715062 -0.797896 0.358450 0.052887 -0.446173 0.131882 0.197682 -0.837988 -0.299723 0.690118 -0.197605 -0.072317 -0.317919 0.933171 -0.059817 -0.165849 -0.540241 0.440547 0.896218 -0.495000 -0.239148 0.214983 -0.829771 -0.799469 -0.608954 -0.086186 0.505255 0.694689 0.006619 -0.372302 0.258509 -0.278319 -0.170197 -0.383041 0.774567 0.383630 0.748841 -0.027751 0.545642 -0.550882 -0.337632 -0.651963 0.376801 0.344449 -0.718792 -0.683015 -0.821400 -0.259032 0.757532 -0.925182 0.245967 -0.481617 0.289801 0.416196 -0.281086 0.680847 -0.669989 
-0.775831 0.375536 0.336629 -0.148133 -0.365955 -0.941690 0.681670 0.251004 0.832878 0.065299 -0.000155 -0.194873 -0.389059 0.448962 0.467495 -0.041022 -0.174236 -0.188057 0.240186 0.142748 -0.009457 0.981154 -0.099720 0.065361 0.227121 0.418663 -0.644837 -0.356682 -0.862423 -0.963990 -0.026672 -0.638254 0.411546 -0.690043 0.213613 -0.954409 -0.631733 -0.104717 0.296594 -0.798855 0.960582 -0.703561 0.006272 -0.428477 0.745402 -0.526234 0.530501 -0.428835 0.285710 -0.229312 0.713914 -0.723747 -0.248158 -0.385806 0.341614 0.978963 -0.967143 0.696777 -0.377719 -0.829566 
0.732787 0.595609 -0.467820 0.144333 0.905567 0.745794 0.189923 -0.726166 -0.358923 -0.513482 -0.525021 -0.398341 -0.217043 0.481251 0.173183 -0.471642 0.955017 -0.296316 0.099524 0.240726 0.474372 -0.186563 0.516979 -0.773786 0.427631 -0.141406 -0.794823 0.460488 -0.444630 -0.172542 0.630923 -0.711843 -0.576933 -0.836897 0.432490 -0.671366 0.908897 -0.377587 -0.397532 -0.450026 0.108931 0.077447 0.151634 0.891887 -0.441303 -0.675184 -0.579755 -0.486286 0.028500 0.519769 0.754441 -0.497128 -0.666794 0.271420 -0.270915 0.760837 -0.869986 -0.065738 0.221326 -0.314616 
0.761720 -0.147752 -0.026459 -0.815212 0.015352 -0.593969 -0.486578 -0.075751 0.028444 0.115890 0.474223 -0.862625 -0.806663 -0.374144 -0.970738 -0.247966 -0.049328 -0.550493 0.265749 0.979173 0.969276 0.020190 -0.517956 -0.697518 -0.708390 0.211130 -0.936680 -0.578377 -0.854608 0.284646 0.107007 0.907113 -0.863106 -0.919452 -0.908099 0.152246 -0.513420 -0.394677 -0.923506 0.515024 0.721213 0.550717 0.652398 0.914550 -0.823427 0.681661 -0.333416 0.127245 -0.868832 0.932333 0.106418 -0.899556 -0.047478 0.588462 -0.597073 0.244132 -0.200408 -0.533754 0.665755 -0.055016 
0.750892 -0.227238 -0.147903 0.887786 -0.146689 -0.056002 0.040032 0.339890 0.549320 0.116526 -0.145086 0.270533 -0.332757 -0.492687 0.185083 -0.156185 -0.811027 0.851667 0.971061 -0.679859 0.783999 0.077478 -0.579415 -0.263478 -0.334060 -0.176489 0.980654 0.465533 0.289758 0.646409 -0.589483 0.040650 -0.580829 0.262614 -0.071564 0.272482 -0.793388 0.968468 -0.387628 0.755933 0.084994 0.467286 0.026466 0.752236 0.974598 -0.788451 -0.403948 -0.836429 -0.936785 -0.432888 -0.516288 0.847215 0.644590 -0.095703 -0.416263 -0.689469 0.727809 -0.435610 0.776063 0.017566 
-0.789201 -0.813419 -0.941784 -0.370030 0.449195 -0.013348 0.902451 0.655807 -0.044880 -0.485177 0.411740 -0.959886 0.982109 -0.561795 0.792350 0.956707 -0.350246 -0.611598 -0.879721 -0.287031 -0.044486 -0.396009 -0.439816 -0.399896 0.508288 0.143921 -0.089365 0.236097 0.708311 -0.313302 -0.746337 0.919109 -0.126721 -0.688121 -0.450921 -0.677526 0.298532 -0.548470 0.978281 -0.746348 -0.033647 0.390020 -0.706234 -0.051538 0.828226 -0.913884 -0.094831 -0.522020 -0.525483 0.025447 0.190949 0.430031 0.629438 0.751133 -0.969865 0.137726 -0.104946 -0.059230 -0.626177 -0.396636 
0.627468 -0.372514 -0.477526 -0.499253 -0.060635 0.071553 -0.176779 -0.762103 0.523083 -0.198498 -0.508451 -0.510564 -0.808478 -0.214686 0.437898 -0.980252 -0.128570 -0.656933 -0.502272 0.345947 0.368515 0.688677 -0.224022 -0.002047 0.439810 -0.193887 -0.864321 -0.665137 0.746883 -0.490498 -0.061773 0.374351 0.136988 0.460701 0.875098 -0.923647 -0.467746 -0.301680 -0.685750 -0.944663 0.499821 -0.194202 -0.455227 0.691344 0.591113 0.982671 0.711092 -0.537458 -0.674262 -0.791181 0.808489 0.694252 0.897496 -0.415533 -0.307795 0.337305 0.390579 -0.172116 0.672168 0.137462 
0.337386 -0.389604 -0.488187 -0.525626 -0.928903 -0.613088 -0.449272 -0.396649 0.085231 -0.135022 -0.341312 -0.414947 0.670776 0.203461 -0.723604 0.261889 0.186131 0.987488 0.724431 0.511869 -0.803693 0.532920 0.206122 -0.906198 -0.882613 0.898327 0.431108 0.507966 -0.273789 0.103276 -0.354572 -0.936402 0.713672 0.157241 -0.462028 0.784768 0.544153 0.088700 -0.611881 -0.370616 0.953677 0.046806 0.214437 0.624454 -0.749733 0.490833 -0.113658 0.436399 0.478321 -0.389227 -0.051732 0.674628 -0.856307 -0.845610 0.768430 -0.738920 -0.947283 0.199538 0.769046 -0.221072 
-0.697187 -0.585526 -0.157474 -0.983515 0.571715 0.380498 0.801253 0.115868 -0.530802 -0.810628 0.745252 -0.577125 0.236179 -0.040311 -0.952671 0.486446 -0.549478 -0.066329 -0.077156 0.928842 0.544444 0.871112 0.603470 0.688137 -0.974498 0.371900 0.949217 -0.921782 -0.428563 0.718263 -0.142854 -0.125749 -0.867263 0.699672 -0.109264 0.704452 0.080170 -0.308011 -0.179680 0.549368 -0.118639 -0.434428 0.972243 -0.882460 0.525261 -0.980428 0.603985 0.975783 -0.046757 -0.473170 0.904625 -0.502312 -0.602058 0.508095 -0.814175 -0.576557 -0.120005 -0.864958 -0.498338 0.451432 
0.853305 0.358808 -0.674317 0.986041 0.058480 0.216419 0.690493 -0.861350 0.908408 -0.489187 0.688018 -0.210231 0.076385 0.660262 -0.092691 -0.398354 0.679834 -0.488706 -0.422571 -0.366923 0.038123 -0.517946 0.130765 0.436065 0.990149 0.316590 0.859509 -0.129856 0.451632 -0.638830 -0.678423 0.304936 0.719978 -0.352740 0.290977 -0.221541 0.863679 -0.018530 -0.082891 0.772087 0.492283 -0.394873 -0.438145 -0.431332 -0.734611 0.469164 0.170314 0.945223 0.980458 0.747743 -0.421700 0.018582 -0.770203 0.709065 -0.545353 -0.780054 0.025654 -0.685845 0.090090 -0.522714 
-0.324674 0.411667 0.782222 -0.604696 -0.941073 0.073199 0.173762 0.922605 -0.945330 -0.909129 0.694692 0.546953 -0.304002 -0.743453 -0.884379 -0.038613 0.725711 0.285936 -0.093390 0.706169 0.033679 0.484909 -0.275249 0.263476 0.193974 0.179397 0.483422 -0.780371 0.493553 -0.426488 -0.303085 -0.831122 0.985179 -0.520863 -0.435818 -0.955894 0.552336 0.737945 0.966711 0.607006 0.828816 0.661403 0.153959 -0.475186 0.917950 0.269580 0.486201 0.643661 -0.444484 -0.607189 0.349831 0.589195 0.877720 -0.925419 -0.147329 0.071694 0.253979 -0.663906 0.291323 -0.252468 
-0.090394 0.988238 -0.083590 -0.105215 -0.532626 0.480592 -0.061109 -0.980290 0.218537 -0.094398 0.626716 0.047353 -0.432995 -0.219325 0.572167 -0.515045 -0.949745 0.058368 -0.871384 -0.394229 0.451179 0.478447 -0.805034 0.328899 0.553028 0.047637 -0.599407 -0.192993 0.383731 0.691916 0.554539 -0.706663 0.680154 -0.529051 0.188123 -0.852472 0.951541 -0.872986 -0.832762 0.170078 0.032616 0.793954 -0.782570 0.599621 -0.425371 0.789597 -0.915424 -0.375116 -0.152034 -0.786808 0.230655 -0.700855 0.691639 0.425621 0.628044 0.244667 -0.526742 -0.971362 -0.948326 0.856990 
0.720554 0.606212 -0.849673 0.400708 -0.922839 0.338450 0.548236 -0.971298 0.465464 0.715474 0.198779 -0.501921 0.509428 0.416210 -0.902300 -0.915943 0.205807 -0.817724 -0.291059 -0.946227 -0.604533 0.939595 -0.647082 -0.912894 0.365216 0.980962 0.331773 0.838475 -0.990401 0.383446 0.695464 0.730153 -0.010341 0.845791 0.130860 0.066820 0.184241 -0.320904 0.095522 -0.350295 -0.605430 -0.705699 0.147784 0.903998 0.710511 0.245484 0.988055 -0.083682 0.427760 -0.303005 -0.029910 0.823227 -0.363409 0.323008 0.910333 -0.998193 0.303969 0.242106 0.840282 0.313568 
-0.374448 0.535746 0.043721 0.615211 0.381537 -0.825418 -0.317969 -0.434222 -0.146322 0.777553 0.215483 0.248248 -0.928146 -0.636733 0.152245 0.782365 0.608751 0.140300 -0.301318 0.036511 0.837296 0.668773 -0.140262 -0.526113 -0.008219 -0.229929 -0.524306 -0.704250 -0.987823 -0.684024 0.609318 -0.362270 0.851722 -0.346960 -0.747059 0.233260 -0.172378 -0.065028 0.799038 0.681299 -0.287475 0.014521 -0.070453 -0.215621 0.377788 -0.918208 -0.433256 -0.013461 0.222093 0.265427 -0.976950 0.059388 -0.065801 -0.117212 0.533275 0.925980 0.652859 -0.991031 -0.778270 0.665036 
-0.675056 0.831048 -0.697234 -0.823333 -0.515912 -0.444293 0.409926 0.311709 0.490679 0.208964 -0.006992 -0.796795 -0.776515 0.922555 -0.012416 0.601272 -0.995652 0.554328 -0.412189 0.226440 -0.180245 -0.389139 -0.714172 0.753954 0.493649 0.819103 0.679934 0.146508 0.828072 0.901663 -0.188456 -0.846984 0.732711 0.114310 -0.670317 -0.783201 0.670017 0.739609 0.528508 0.160696 -0.051427 -0.478484 0.363901 0.172058 -0.555928 -0.648515 -0.226670 -0.551580 0.905813 0.361141 0.674860 -0.274432 0.972002 0.960688 -0.520478 0.465651 0.779791 -0.840545 -0.387842 0.607863 
-0.938882 0.423702 0.760879 0.793829 -0.461987 -0.909438 -0.989372 -0.791970 0.830171 0.539136 0.368726 -0.221256 -0.939348 -0.267374 0.950802 -0.495276 0.084111 -0.275868 -0.046856 -0.010076 -0.914727 -0.371996 0.715492 -0.942725 -0.411308 -0.804987 0.522926 -0.631517 -0.645532 -0.864916 0.976346 -0.584413 0.558787 0.737225 -0.790584 -0.903201 0.827787 -0.779956 -0.695171 0.657958 0.759180 0.673554 -0.563298 0.819833 -0.593819 -0.612496 -0.675443 0.490292 0.111637 0.277701 -0.519784 0.196910 0.905704 -0.804293 0.254185 -0.505604 -0.609280 -0.222889 -0.137121 -0.254812 
-0.087805 -0.160775 0.160775 -0.529018 -0.423550 0.370191 -0.432219 -0.595762 0.590235 -0.127390 -0.937804 0.349415 -0.453835 -0.501102 0.169248 -0.047655 -0.113597 0.493804 -0.557363 0.998039 -0.228495 -0.077147 0.194949 -0.322790 0.118560 -0.550866 0.171606 0.509280 0.226245 -0.965515 -0.745532 -0.861559 -0.126290 0.415243 -0.390577 0.450161 -0.214566 0.177204 0.854398 -0.624331 -0.950186 0.916594 0.725084 -0.404021 -0.584508 -0.105669 0.548324 0.301895 -0.611865 0.990961 0.299935 0.159641 -0.086186 -0.505116 0.836850 -0.967627 -0.055982 0.008456 0.541653 -0.829737 
0.042942 0.796121 -0.691296 0.916652 0.211364 -0.081874 0.366813 0.996798 -0.904670 0.221211 -0.627533 -0.854856 0.137805 -0.902449 -0.258877 0.553298 -0.008118 -0.710553 -0.144807 0.380017 -0.719592 -0.844873 -0.460342 0.194221 -0.349989 -0.623492 0.226594 0.594028 0.384965 -0.231753 0.764291 -0.572094 -0.435632 -0.927005 -0.655442 0.775732 -0.008879 0.711371 0.772530 0.086451 -0.067418 -0.855003 0.231595 -0.929613 -0.757452 0.972718 0.623685 0.234429 -0.737836 -0.521123 -0.385554 -0.457428 -0.365995 0.154104 0.736793 0.284015 0.530612 -0.036613 -0.121956 -0.084423 
0.731634 -0.357665 0.343483 -0.703998 -0.284670 0.688041 -0.928266 0.706451 0.399413 0.844265 -0.207098 -0.668005 0.989262 -0.975503 -0.597618 -0.768191 0.997215 -0.973933 0.466239 -0.740621 -0.495056 -0.919315 -0.198049 0.138949 0.234789 -0.461256 -0.577036 -0.234598 0.502131 0.301008 0.680979 0.233765 0.943343 0.024462 0.529767 -0.341327 -0.287496 0.601501 -0.634876 -0.888084 0.445766 0.158026 -0.556089 0.435028 0.182524 -0.153707 0.666837 0.179739 -0.127641 0.133076 0.439118 0.377303 0.213761 -0.758931 -0.483748 -0.551450 -0.220188 -0.060784 0.213952 -0.718057 
