1000000
-0.066478
-0.937710
-0.357955
0.099326
-0.243026
-0.676190
0.320522
0.103030
-0.737699
-0.647331
-0.671147
0.516876
-0.610648
0.364629
-0.086343
-0.031571
0.684886
-0.235545
-0.126910
-0.918964
-0.471491
-0.266103
-0.941635
-0.061180
0.373557
-0.298712
-0.774877
-0.203414
-0.064581
0.133082
0.159294
0.868940
0.195372
0.801339
-0.031733
0.952346
-0.874851
-0.711212
0.055376
-0.612550
-0.358542
0.384229
0.904326
0.030810
-0.251142
-0.182017
0.999239
-0.566256
0.582438
-0.127671
-0.485220
-0.889053
0.606227
-0.426855
0.049767
-0.020216
0.274433
0.274890
0.776369
-0.790148
-0.592028
-0.064337
-0.921207
0.603344
-0.262998
0.047059
0.555690
-0.137849
0.335848
-0.388934
0.249602
0.977305
0.995296
0.153928
0.008115
-0.255846
0.971911
0.007354
0.177897
0.554348
0.879683
0.692677
0.665295
0.485909
-0.734178
-0.284938
-0.534307
0.540256
0.989951
-0.757937
0.750108
-0.602077
0.177726
0.828901
-0.998733
0.914728
-0.124040
0.556958
-0.223120
-0.788193
-0.831976
-0.973519
-0.810887
-0.836681
0.180409
0.197228
-0.092527
0.152320
-0.795419
-0.914630
-0.293332
-0.915736
0.778047
-0.628036
0.570173
-0.956130
0.087025
-0.964133
0.584126
0.076977
-0.722070
0.334234
0.474900
0.455656
0.163134
0.476168
0.370384
-0.960906
0.033125
-0.852736
-0.749098
0.201149
-0.826255
-0.559986
0.364469
0.354154
0.637242
-0.728058
-0.493526
0.841823
-0.642688
0.213142
0.926087
-0.864641
0.585106
0.496261
-0.820771
-0.327869
0.532128
0.763354
0.749108
0.810057
0.097588
0.224008
0.265713
-0.739278
-0.299824
-0.363903
-0.700183
0.733302
-0.216639
-0.449281
-0.065549
-0.042894
-0.009267
-0.701080
-0.688740
-0.372025
-0.429138
-0.182267
-0.530202
-0.071826
-0.969124
-0.604114
0.063533
0.615981
0.892147
0.242762
-0.711887
0.424274
0.006116
-0.962779
0.234331
-0.896296
0.261229
-0.499956
-0.635574
0.961405
0.136141
-0.335757
0.694707
0.919502
0.214962
-0.370842
-0.123392
-0.794305
-0.071922
0.187867
-0.166330
0.498940
-0.994399
0.303468
-0.572886
-0.963524
0.699354
0.490647
0.652458
0.591501
-0.266592
0.940570
0.015775
0.739524
0.977791
-0.749893
0.843228
0.239020
-0.249849
-0.792345
0.200425
0.886292
-0.128102
-0.104868
0.805794
-0.913140
0.524290
-0.317598
-0.707446
-0.547632
0.870269
0.126224
0.951308
0.875869
-0.570307
-0.621578
0.912346
-0.870953
0.869069
0.564803
0.720548
-0.397523
0.505373
-0.263677
-0.657999
0.483164
-0.013571
-0.814771
-0.277817
0.736580
-0.607116
0.922608
0.622873
0.264782
-0.182260
0.428667
0.351642
-0.657969
-0.888931
0.644196
-0.205601
0.981338
-0.229580
-0.254293
0.857207
0.200113
0.124129
0.769553
0.329159
-0.006802
0.334356
0.049707
0.595675
-0.160271
0.786030
0.937676
-0.677107
-0.227541
-0.877095
0.045076
-0.490961
-0.484211
-0.032315
-0.868088
0.780571
0.785425
0.560579
0.132213
-0.872545
0.671647
-0.223591
-0.078146
0.652985
0.546829
0.667562
0.510192
-0.253058
-0.208309
0.279745
-0.923899
0.784889
-0.385900
0.125808
0.380564
0.453829
-0.088162
0.318240
0.776722
0.684297
0.441145
-0.178201
-0.806664
0.956934
0.789483
-0.674752
0.737505
0.574908
0.885826
-0.130282
0.702363
0.557473
0.646127
-0.375782
0.210458
0.192956
-0.708221
-0.279350
0.939898
0.083470
-0.999605
-0.984001
-0.131641
-0.385505
0.141807
-0.751078
-0.931676
-0.946355
0.567162
0.845047
0.737941
0.008307
-0.333155
0.931277
-0.034759
-0.543671
-0.743476
-0.297254
-0.968764
-0.857649
0.572464
0.733600
0.699824
0.218591
-0.642183
-0.089718
-0.588453
-0.350404
0.630932
-0.648555
0.733066
0.631327
-0.632556
-0.398575
-0.754178
0.509251
-0.149653
-0.685854
0.562896
-0.582491
-0.840807
0.300837
0.425816
-0.173962
0.232113
-0.608943
0.282367
0.488638
0.093803
0.313603
0.630989
-0.333733
0.047203
0.330813
0.884859
0.405020
-0.758905
-0.703594
-0.945383
0.872027
-0.352149
0.787683
0.503354
0.015295
-0.610892
0.749176
-0.475454
0.239455
-0.936678
-0.912558
0.656964
-0.777485
0.388278
0.082780
0.048554
-0.379608
0.473837
-0.669079
-0.890970
-0.432360
0.644524
0.740018
0.233907
-0.308273
0.070831
0.118766
-0.903253
0.311926
0.415172
-0.848636
0.183953
-0.936977
0.939047
-0.312693
0.078319
-0.671846
-0.563517
0.602865
0.567610
-0.500194
0.690306
0.224574
-0.277679
0.078585
-0.692645
0.770875
0.698977
0.781192
-0.898204
0.808006
-0.651168
0.746320
0.548025
0.582739
-0.561954
-0.381144
-0.298495
-0.465206
0.930781
-0.883323
-0.313843
0.114735
-0.820299
-0.374796
0.802042
0.258019
-0.046642
-0.761475
-0.139116
-0.479032
-0.261669
-0.448810
0.745542
0.460652
0.629775
-0.947103
0.231527
0.328752
0.834089
0.333323
0.136758
-0.817080
0.079642
-0.315217
0.765660
0.517689
0.303638
-0.532835
-0.947518
0.234420
-0.416158
-0.261360
-0.650846
-0.236457
0.363844
-0.848804
-0.978438
-0.682798
-0.610279
-0.117554
-0.161830
0.128052
0.433636
-0.416287
-0.411296
0.063411
-0.363391
0.820231
-0.607837
-0.529302
0.153554
0.528921
-0.346382
-0.766804
-0.786297
-0.580722
0.750885
0.517341
-0.113557
0.803367
-0.248239
0.470285
-0.457993
0.100915
-0.766173
0.905851
0.252111
-0.744611
-0.776947
0.641832
0.137835
0.061223
-0.230116
-0.428529
0.644936
0.358589
0.634882
-0.718455
0.178820
-0.972955
-0.247757
-0.667626
0.555965
0.405861
-0.434429
0.769668
0.825140
-0.683544
0.287009
-0.288418
-0.880177
-0.961229
-0.818133
-0.338170
0.139686
-0.584306
-0.432319
-0.608203
-0.328916
-0.209267
-0.966371
0.808919
0.851956
-0.196486
-0.619610
0.496892
-0.837898
-0.984728
0.778437
0.340922
-0.957684
-0.469320
0.673296
0.598281
0.936542
-0.761133
0.367949
0.761681
-0.444677
-0.345041
-0.526737
-0.324854
-0.306270
-0.344869
0.336976
0.833415
0.070825
0.904656
-0.774788
0.741909
-0.304610
-0.741158
0.550827
-0.452654
0.062355
0.931217
-0.955762
0.224457
0.946488
0.822676
-0.434621
0.988805
-0.646644
-0.761324
0.587086
-0.710102
-0.522457
-0.044965
-0.948421
0.032865
0.609994
-0.475158
0.708011
-0.696276
0.179973
0.044986
-0.862861
-0.749202
-0.050357
-0.637648
0.992706
0.645033
-0.378807
0.543534
-0.807621
0.683548
0.474751
-0.763382
-0.091995
0.421239
-0.940707
0.473385
0.410044
-0.587351
0.712060
-0.002870
-0.297453
-0.810397
0.952165
-0.245875
0.222468
0.562160
0.278967
-0.069521
0.865884
-0.541060
0.975465
-0.996977
-0.290262
-0.074892
-0.634625
-0.297556
-0.429859
-0.013432
-0.754022
-0.237480
-0.329884
0.720729
-0.000862
0.578121
0.141968
0.058431
0.051506
-0.447988
0.471080
-0.236434
0.549141
-0.826374
-0.046831
0.501307
-0.072248
-0.824363
0.063466
-0.793281
0.106115
-0.070650
-0.334341
0.081580
-0.067627
0.375397
-0.993312
0.297747
-0.922158
-0.423171
-0.715685
-0.676181
0.339349
-0.045569
-0.955452
-0.661513
-0.467448
0.186516
0.396917
0.584058
0.738527
-0.132003
-0.652376
0.287669
0.041623
0.300792
-0.211025
0.969375
0.476429
0.852441
-0.823906
-0.417456
-0.218209
-0.158246
0.664124
0.714164
-0.782849
0.670813
0.011911
-0.705008
-0.752358
0.296227
-0.381188
0.586991
-0.749343
-0.336640
0.925478
-0.216791
0.849876
0.322395
-0.632733
0.588403
-0.809608
-0.285110
-0.123928
0.232015
-0.984318
0.665047
0.201391
0.492111
0.517488
0.377485
-0.925345
-0.700721
-0.780762
0.738779
-0.986557
-0.563611
0.409592
0.025355
-0.268618
0.657234
-0.678419
0.350194
0.244225
-0.427761
-0.986446
0.169702
0.355448
0.863429
-0.507903
0.722714
0.451832
-0.317510
-0.562395
-0.672096
0.914505
-0.546713
0.992951
0.115896
0.945398
0.510439
-0.506620
-0.979947
0.809719
-0.287381
0.758833
0.823162
0.149008
0.168425
-0.151483
0.880390
-0.174341
0.170098
0.230584
-0.930117
0.742337
0.244137
0.239586
0.097785
0.107567
0.731683
-0.179501
-0.440601
-0.585827
0.258103
-0.112697
-0.671322
0.711390
-0.119746
0.444573
0.656789
-0.609306
0.937953
0.676842
-0.799588
-0.349428
0.435675
-0.976426
0.799580
-0.395900
-0.127909
0.679970
0.429758
-0.957810
-0.089446
0.499641
0.784527
-0.845309
-0.260773
-0.117689
0.262258
-0.529090
0.702810
0.821657
-0.114917
-0.039086
-0.291039
0.213761
-0.327696
0.589215
-0.341666
-0.670907
0.979909
-0.403713
-0.994065
-0.819679
0.246859
0.441610
-0.796105
0.046440
-0.954290
0.075987
-0.273590
0.475468
0.118176
0.636964
-0.024891
-0.097297
0.791656
0.714337
0.785014
0.053914
-0.814753
0.487825
-0.124429
0.070330
-0.551262
0.584532
-0.715909
0.121042
0.173747
-0.057575
0.450135
0.153656
0.538712
0.456071
0.333977
-0.214429
-0.102319
0.537872
0.832011
-0.056609
-0.386141
-0.441579
-0.581141
0.732035
-0.804615
0.393968
-0.365261
0.987041
0.108305
-0.580247
0.040954
0.293552
0.907578
0.916526
-0.636118
-0.643684
0.501058
-0.352028
0.477358
-0.325195
0.590397
-0.072506
0.828461
0.129109
-0.616436
0.162438
0.914680
0.281245
-0.299690
0.746691
-0.775365
0.314169
-0.694889
-0.356506
0.046204
-0.499504
-0.962538
0.680943
-0.512463
0.145767
-0.899304
0.528492
-0.560682
-0.991726
0.445017
-0.196800
-0.635411
-0.053925
0.451172
0.841948
0.620881
0.041569
-0.230559
0.449342
-0.829322
0.153005
-0.388220
-0.914643
-0.565750
0.312090
0.832048
-0.341114
-0.373741
-0.862841
0.302380
0.672463
-0.362344
0.339842
0.353407
0.125193
-0.514392
0.454103
-0.346316
-0.075074
0.462376
-0.901298
0.728126
0.826966
0.044777
0.179299
0.668913
-0.334342
-0.779132
-0.561645
-0.885000
-0.608455
0.591360
-0.273220
-0.523097
-0.974390
-0.961130
-0.691049
-0.315504
-0.334871
-0.553890
0.986875
-0.662408
0.083766
0.326717
0.690999
-0.791041
0.812325
0.145101
-0.137357
-0.262748
-0.392523
-0.038655
-0.534622
-0.565557
-0.993877
0.644676
-0.896643
-0.328219
0.865544
-0.458289
-0.213219
-0.742911
-0.866929
0.513560
-0.266008
-0.841319
0.552430
0.042943
-0.156823
-0.782442
0.489053
-0.169948
-0.444849
-0.427181
-0.843231
-0.753851
-0.218223
0.969094
0.391250
0.644421
-0.293654
0.998728
-0.394234
0.171724
-0.566829
-0.388111
-0.183600
-0.463473
0.283669
-0.318056
0.078239
