1000000
-0.929550
-0.060966
0.211310
0.584010
0.673026
0.369991
0.136440
-0.284032
-0.786832
0.353999
-0.794979
0.043220
0.909149
-0.222160
0.199989
-0.844702
0.559617
0.169084
0.546548
0.204038
0.875430
0.545276
0.809804
0.047154
0.978447
-0.578308
0.863554
-0.485025
0.705362
-0.454502
0.593213
0.775812
0.484532
-0.195477
0.359822
0.157558
-0.825487
-0.503738
0.873526
-0.612319
0.850261
-0.921453
0.430901
0.759410
-0.143613
-0.369110
0.914708
-0.583996
0.799974
0.461257
0.620042
0.675403
0.006533
0.429845
-0.277443
-0.015020
0.851538
-0.413889
0.499955
0.556900
0.131609
0.093168
0.332711
-0.383859
0.897691
-0.307466
0.773699
-0.927796
0.188796
0.647225
-0.540115
0.039057
0.725772
0.890786
-0.201533
-0.417841
-0.478324
-0.286825
-0.001837
-0.678350
-0.825568
-0.381795
0.997054
0.180965
-0.951950
-0.280390
-0.834055
0.899588
0.305721
0.665900
0.456487
-0.562670
-0.240932
-0.210801
0.053472
-0.343241
0.481732
-0.172829
-0.271037
-0.329472
-0.525604
0.188848
0.709585
-0.799832
0.079634
-0.491948
-0.217673
0.601310
0.221228
0.780490
0.922961
0.395660
-0.601306
0.920014
-0.423375
-0.553256
-0.360375
-0.257429
-0.653668
0.945346
-0.591529
0.802819
-0.617324
0.167539
-0.407982
0.436148
0.824297
-0.926250
-0.736682
-0.446740
-0.255722
-0.262286
0.742108
-0.546136
-0.062118
-0.178258
-0.038084
0.720209
-0.576948
-0.816856
0.500699
-0.653987
0.578804
0.899393
-0.733973
-0.844571
-0.653862
-0.094348
-0.102001
-0.307530
-0.149002
0.306470
-0.504711
0.233674
-0.525991
0.087307
-0.330178
-0.701694
0.161057
-0.066860
-0.148434
0.905335
0.670854
-0.406326
-0.640801
-0.391264
0.415416
0.321115
-0.671055
0.838468
0.504259
0.829644
-0.815519
0.083062
0.729037
-0.549492
0.238491
-0.924825
0.356160
-0.863509
-0.232355
-0.792842
0.442961
0.262933
0.440832
0.916970
-0.649760
-0.889346
-0.784725
0.511297
0.043794
0.066841
0.416632
-0.285352
0.660515
0.775831
0.323384
0.075930
0.096946
0.652328
-0.085602
-0.398796
0.481972
0.098879
0.684267
0.211009
0.549388
-0.077242
0.286184
-0.094452
0.059249
-0.946171
0.112707
-0.497791
0.316762
-0.446461
-0.580821
0.667002
-0.335808
-0.365546
0.178299
0.707986
0.701295
-0.405069
-0.577366
0.361810
-0.629238
0.746017
-0.562260
0.467708
0.398346
0.352139
-0.931088
-0.119682
-0.548982
0.753179
-0.908673
-0.999594
-0.324064
0.377512
-0.094046
0.735185
0.431340
-0.981339
-0.762606
-0.251898
-0.427800
-0.343427
-0.584896
0.236392
0.291027
0.593403
-0.055622
-0.007677
-0.811665
0.367012
-0.645867
-0.440903
0.113029
-0.208127
-0.973195
-0.488625
-0.855988
-0.904283
0.391693
-0.404970
0.848895
0.483021
-0.404564
-0.475168
-0.139468
0.501391
-0.739983
-0.708127
0.520052
-0.502589
0.039975
-0.907749
0.153984
0.455080
0.328644
-0.554988
0.048483
-0.726978
0.437334
0.236818
0.640034
0.791467
0.795914
-0.246937
-0.416659
0.822719
0.264438
-0.272647
0.918436
-0.343868
0.322383
0.767331
-0.860847
0.917819
-0.707838
-0.000315
0.419210
-0.447821
0.291558
-0.060738
0.049590
-0.668467
0.031514
-0.796426
0.786612
-0.639843
-0.351414
-0.164905
-0.366821
-0.914080
-0.928087
-0.726788
0.877388
0.867827
0.026275
-0.539272
0.690547
-0.709286
0.188081
0.608982
-0.053155
-0.489535
0.376313
0.085998
-0.571716
0.668476
-0.914317
0.847494
-0.779345
0.377240
-0.213244
0.270244
0.708773
0.818270
0.473819
0.495385
-0.821573
-0.877596
-0.669519
-0.188394
-0.791676
-0.597606
0.084818
-0.914288
-0.729779
-0.888907
-0.453560
0.960768
-0.598193
0.734522
0.569750
0.348652
-0.755014
-0.053937
-0.565350
-0.326730
-0.385462
-0.479668
-0.479235
-0.164807
0.897573
0.307521
-0.894563
0.606346
0.125791
0.579256
0.101731
0.304218
0.701660
0.432212
-0.884176
0.909984
0.834606
0.200641
0.995696
-0.895173
0.311735
-0.457863
-0.934406
0.713541
-0.723341
0.635344
0.062193
-0.478355
-0.418593
0.496843
0.194916
0.195945
-0.982825
0.715680
-0.968862
0.914747
0.023201
-0.863425
0.521093
-0.851008
0.715831
-0.377176
0.453210
0.417492
-0.944964
0.569034
0.327476
0.889641
-0.230325
0.323173
0.994468
-0.918590
0.865309
-0.939937
0.794951
-0.858032
0.695407
-0.142856
-0.336387
-0.723186
-0.646013
0.858529
0.472759
-0.628838
0.574209
0.503897
-0.714091
-0.402590
0.640472
0.807002
-0.253598
0.356304
-0.570174
-0.800388
-0.226205
-0.515138
0.768646
-0.898729
-0.625496
-0.461679
0.424444
-0.631028
-0.380270
0.289753
-0.570966
-0.585319
0.431721
-0.875559
0.271826
-0.904665
-0.598745
0.625813
0.953863
0.874014
0.996974
0.528072
0.377911
-0.717116
-0.874518
0.018383
-0.910114
-0.128115
-0.625313
-0.480288
0.071497
0.148482
0.004575
-0.159857
0.249754
0.379078
0.378464
-0.325802
0.748050
0.998194
0.963951
-0.822915
-0.587124
0.395673
-0.698474
0.684701
0.491007
-0.297219
0.310513
0.444871
-0.423206
0.307488
-0.027057
0.954705
0.590371
0.098425
-0.026912
0.680257
0.970310
0.347775
-0.800030
0.041807
-0.503743
0.204544
0.881950
0.746011
-0.416377
0.260414
-0.579791
-0.668327
0.258608
-0.615840
-0.491243
0.671484
0.779833
-0.189717
0.356185
0.270840
0.513064
-0.333302
-0.284289
-0.910142
0.974186
0.688654
-0.955437
0.564558
-0.212921
0.017651
0.244815
-0.242611
-0.634574
0.444785
0.799196
-0.138317
-0.350671
0.681146
-0.392306
0.232952
-0.058440
0.027903
0.564624
-0.799832
0.412063
-0.926618
0.871652
0.191896
-0.116335
0.227836
-0.537264
-0.603271
0.894535
0.178447
-0.513413
0.868721
-0.132899
-0.468850
0.433279
0.654180
0.548800
-0.321906
-0.588431
0.914226
-0.877122
-0.789235
-0.224090
-0.227793
0.891911
0.383604
-0.994841
-0.166529
-0.588493
0.569783
0.033639
0.823570
0.643165
-0.094709
0.015467
-0.473170
-0.866873
0.478203
-0.076442
-0.972338
-0.343349
0.410145
0.896383
0.523752
0.941295
0.329662
0.177932
0.490095
-0.992245
0.589500
0.404321
-0.869366
0.800265
-0.819769
-0.097159
0.692176
0.563835
-0.092000
-0.474353
0.975342
-0.522217
0.559286
0.798912
-0.879052
-0.535423
-0.185621
-0.352222
-0.402296
-0.707417
0.571336
-0.374634
-0.050767
-0.018519
-0.478251
-0.527015
-0.077224
0.851411
0.650917
-0.587129
0.859166
0.240417
0.817192
0.989800
0.040682
0.997423
-0.107358
-0.267141
0.561258
0.800642
0.258506
0.536600
-0.721575
-0.182208
0.335512
-0.600626
0.282369
-0.850108
0.047151
0.880073
-0.557526
-0.381513
-0.494561
0.391708
0.599969
0.027188
0.864692
-0.477256
-0.121401
0.515609
-0.064385
-0.262234
-0.243974
-0.247193
-0.272434
0.796708
-0.249770
0.620208
-0.470433
-0.688511
0.420850
0.788073
0.848088
0.699275
-0.394136
0.183601
-0.901351
0.888233
0.333492
0.145800
0.768306
0.775966
0.764287
-0.726255
0.167674
0.364256
0.300933
0.032366
0.887000
-0.820468
-0.452025
-0.177385
-0.082702
0.304002
0.575422
0.644864
0.100710
-0.674347
0.265072
0.630277
-0.362859
-0.314079
0.418350
-0.514770
-0.614804
-0.975786
0.668830
-0.516155
0.912447
0.002323
0.629645
0.680753
-0.221711
0.393932
0.954498
0.945963
-0.241812
0.255431
-0.021671
-0.354811
0.434963
0.526305
0.467804
-0.647739
-0.169694
0.043226
0.997125
0.931016
0.368879
0.262196
0.561293
-0.993979
0.948118
-0.020357
-0.508750
-0.666686
0.003857
-0.839919
-0.182841
-0.083695
0.162403
-0.553196
-0.402942
0.940693
0.840737
-0.448444
0.886655
-0.401075
0.806987
-0.135015
0.244114
0.241950
-0.608710
-0.288083
0.594211
0.221596
0.755144
0.591336
0.152613
0.124023
-0.146468
-0.286094
0.130044
-0.198350
0.693549
0.621294
0.134964
-0.302594
0.781375
0.952123
0.613711
-0.056222
-0.601073
-0.789232
-0.115529
-0.760337
-0.237676
-0.228874
-0.161412
-0.430689
0.636111
-0.917298
0.811260
-0.972599
-0.205381
0.405471
0.248997
-0.450237
-0.003193
-0.598391
0.673786
0.850339
0.115515
-0.196170
-0.348011
-0.190935
-0.574876
0.786953
0.506471
-0.793502
0.739075
0.120182
0.150277
-0.861998
0.330950
-0.965253
-0.622334
-0.906726
-0.194126
0.216254
-0.337415
-0.558015
0.298955
-0.526155
-0.530615
-0.906425
0.879317
0.718382
-0.356662
-0.123876
-0.880008
-0.682876
-0.273537
0.235507
0.120953
0.378452
-0.955428
0.546077
0.165405
0.551043
0.752575
-0.095520
-0.328776
-0.097148
0.042483
-0.997825
-0.062401
0.420148
-0.904551
0.743473
-0.363598
-0.241966
-0.814542
0.935357
0.231879
-0.345157
-0.971068
0.111196
-0.626775
-0.327730
0.987320
-0.506783
-0.010607
-0.286216
0.728724
-0.889653
-0.907764
0.773296
0.656424
0.257641
0.324339
0.408999
-0.837879
0.995563
-0.688149
0.204604
0.997738
0.249451
-0.375248
-0.906813
-0.007076
0.261154
-0.148779
0.178381
0.196511
-0.916900
0.833224
0.225443
0.194297
-0.793550
0.897713
0.181617
-0.300333
-0.112894
0.895401
-0.571609
-0.002547
0.987636
-0.798313
-0.346123
0.245277
0.526026
-0.937124
0.407398
0.521590
-0.625272
-0.387998
0.519328
0.624178
0.236754
0.612515
-0.382898
-0.502092
-0.536264
0.795483
0.694419
-0.453164
0.628708
-0.080138
0.741133
0.835157
-0.182425
-0.077250
-0.465176
0.704681
-0.181850
-0.036785
-0.297866
-0.194214
0.164902
0.356012
-0.948937
-0.309072
0.418888
0.458462
-0.787482
0.793615
-0.929536
0.731845
0.417794
0.307218
0.344360
-0.965104
0.805125
0.808096
0.830379
0.499544
-0.645068
0.459086
-0.580594
-0.903936
0.294243
0.236982
0.018814
0.829067
-0.058337
0.836964
-0.207718
0.643797
-0.357250
0.957184
-0.000191
-0.306186
-0.351888
-0.581304
-0.847725
-0.139370
-0.787688
-0.777261
-0.407524
0.630105
0.529956
0.936836
0.665001
0.335082
0.744931
0.495380
-0.165374
-0.900137
-0.045534
0.254033
-0.804073
-0.751290
-0.508986
0.214741
-0.922223
0.432677
0.051705
-0.129941
0.076474
0.694456
-0.172757
-0.923717
-0.611731
0.475355
-0.505020
-0.459456
-0.664015
-0.292709
-0.236717
-0.071539
-0.662603
-0.706761
-0.134703
-0.997602
0.628321
-0.389772
0.497777
-0.537053
-0.289909
-0.547756
0.716980
-0.093981
-0.299047
-0.792006
-0.879240
-0.221270
0.640671
0.172465
0.648789
-0.282855
-0.133079
-0.523969
